# Last updated: August 2013 by M. Oiestad, MET
LIGHT (draugen)		15
2.00	10.0	10.0	10.0
0.00	0.0	823.0	0.0	3.1	3.1	-33.0	0.0
0.25	23.8	868.3	7.6	59.4	67.9	-3.6	15.7
0.50	27.0	874.2	15.8	99.2	131.5	0.6	31.3
1.00	29.9	879.5	28.7	157.7	269.1	4.4	46.4
2.00	32.5	884.2	45.9	238.5	588.9	7.9	60.4
3.00	34.0	886.8	55.8	299.8	938.0	9.8	68.9
6.00	36.3	891.1	67.1	437.3	1826.1	13.0	82.4
9.00	37.7	893.6	69.4	542.6	2409.2	14.9	90.2
12.00	38.6	895.3	69.9	630.1	2832.9	16.2	95.7
24.00	40.8	899.3	70.0	895.8	4040.3	19.2	107.5
48.00	43.0	903.3	70.0	1265.7	5708.6	22.3	118.8
72.00	44.3	905.6	70.0	1551.1	6995.5	24.1	126.5
96.00	45.2	907.3	70.0	1801.3	8124.3	25.4	132.6
120.00	46.0	908.7	70.0	2030.5	9158.0	26.5	137.6
480.00	51.9	919.4	70.0	5206.8	23483.3	35.1	158.7
MEDIUM (brage)		15
2.0	10.0	10.0	10.0
0.00	0.0	837.0	0.0	13.0	13.0	3.0	0.0
0.25	16.9	865.9	9.2	63.7	81.2	12.9	44.0
0.50	19.6	870.1	25.5	81.8	173.5	14.2	54.8
1.00	22.1	874.2	50.0	103.9	618.5	15.4	65.5
2.00	24.6	878.2	68.7	130.5	2428.3	16.7	76.1
3.00	26.0	880.4	73.4	148.7	3944.8	17.4	82.3
6.00	28.4	884.1	75.4	185.2	5795.7	18.5	92.9
9.00	29.7	886.3	75.7	210.3	6760.6	19.2	99.2
12.00	30.7	887.8	75.9	229.8	7470.0	19.7	103.7
24.00	32.9	891.4	76.0	283.6	9319.0	20.8	114.5
48.00	35.1	894.9	76.0	347.9	11461.3	21.9	125.3
72.00	36.4	897.0	76.0	391.2	12891.7	22.6	131.6
96.00	37.3	898.4	76.0	425.8	14031.9	23.1	136.3
120.00	38.0	899.5	76.0	455.2	15000.2	23.4	139.9
480.00	43.4	908.2	76.0	752.8	24809.0	26.2	168.9
HEAVY (gullfaksab) 15
2.0	10.0	10.0	10.0
0.00	0.0	882.0	0.0	22.0	22.0	-40.0	0.0
0.25	9.1	894.8	0.0	49.2	49.3	-25.1	41.0
0.50	11.3	897.6	0.2	61.6	62.1	-21.4	49.4
1.00	13.6	900.5	1.0	77.5	80.9	-17.6	58.4
2.00	15.9	903.4	4.1	98.1	117.7	-13.7	67.7
3.00	17.3	905.2	8.8	112.7	167.3	-11.3	73.4
6.00	19.6	908.2	22.2	142.9	397.8	-7.3	83.3
9.00	21.0	909.9	28.6	164.2	622.8	-4.9	89.2
12.00	22.0	911.1	32.4	181.1	831.3	-3.1	93.5
24.00	24.2	914.1	41.4	228.7	1667.5	1.0	103.7
48.00	26.5	917.0	49.7	288.7	3281.2	5.2	114.3
72.00	27.9	918.7	54.1	330.3	4755.9	7.6	120.5
96.00	28.8	919.9	56.9	364.0	6141.1	9.4	125.1
120.00	29.6	920.9	59.0	393.0	7451.3	10.8	128.7
480.00	35.1	927.9	70.1	689.5	24858.3	21.4	156.4
BALDER            15
2.0	10.0	10.0	10.0
0.00	0.0	914.0	0.0	259.6	259.6	-30.0	0.0
0.25	4.3	920.6	0.2	443.5	447.2	-24.4	67.4
0.50	5.5	922.2	0.8	519.2	539.6	-22.6	71.7
1.00	6.6	923.8	3.3	611.4	714.1	-20.6	76.2
2.00	7.9	925.6	11.8	727.1	1228.0	-18.5	81.0
3.00	8.6	926.7	22.3	810.7	2046.0	-17.1	84.1
6.00	10.1	928.7	46.1	991.9	5284.8	-14.6	89.9
9.00	11.0	930.0	56.1	1128.1	7807.3	-13.0	93.6
12.00	11.7	931.0	60.5	1241.5	9546.7	-11.8	96.4
24.00	13.4	933.4	67.7	1586.6	14387.2	-8.7	103.7
48.00	15.3	936.1	72.1	2071.2	20652.4	-5.3	111.8
72.00	16.5	937.8	73.5	2437.6	25063.9	-3.2	116.8
96.00	17.3	939.0	74.2	2748.8	28659.2	-1.7	120.6
120.00	18.0	940.0	74.6	3025.4	31774.2	-0.4	123.6
480.00	23.1	947.2	75.1	6158.0	65432.8	9.1	146.7
BALDER BLEND	15
2.00	10.0	10.0	10.0
0.00	0.0	873.0	0.0	34.6	34.6	0.0	0.0
0.25	10.9	893.5	0.1	205.0	205.2	6.9	0.0
0.50	12.9	897.2	0.3	279.9	281.2	8.3	0.0
1.00	15.0	901.1	1.3	385.3	392.8	9.6	0.0
2.00	17.2	905.0	4.8	535.2	575.8	11.1	0.0
3.00	18.5	907.4	9.5	653.1	758.4	11.9	0.0
6.00	20.7	911.7	24.5	928.1	1409.9	13.4	0.0
9.00	22.1	914.2	35.3	1145.8	2179.9	14.4	0.0
12.00	23.1	916.0	41.9	1331.1	2947.9	15.0	0.0
24.00	25.4	920.3	50.9	1904.8	5308.9	16.6	0.0
48.00	27.7	924.7	54.7	2730.3	8444.1	18.2	0.0
72.00	29.1	927.2	55.9	3361.8	10749.2	19.1	0.0
96.00	30.1	929.0	56.4	3902.5	12661.8	19.8	0.0
120.00	30.8	930.4	56.6	4385.0	14332.6	20.3	0.0
480.00	36.3	940.4	57.0	10116.7	33433.0	24.0	0.0
BRAGE		      15
2.0	10.0	10.0	10.0
0.00	0.0	837.0	0.0	13.0	13.0	3.0	0.0
0.25	16.9	865.9	9.2	63.7	81.2	12.9	44.0
0.50	19.6	870.1	25.5	81.8	173.5	14.2	54.8
1.00	22.1	874.2	50.0	103.9	618.5	15.4	65.5
2.00	24.6	878.2	68.7	130.5	2428.3	16.7	76.1
3.00	26.0	880.4	73.4	148.7	3944.8	17.4	82.3
6.00	28.4	884.1	75.4	185.2	5795.7	18.5	92.9
9.00	29.7	886.3	75.7	210.3	6760.6	19.2	99.2
12.00	30.7	887.8	75.9	229.8	7470.0	19.7	103.7
24.00	32.9	891.4	76.0	283.6	9319.0	20.8	114.5
48.00	35.1	894.9	76.0	347.9	11461.3	21.9	125.3
72.00	36.4	897.0	76.0	391.2	12891.7	22.6	131.6
96.00	37.3	898.4	76.0	425.8	14031.9	23.1	136.3
120.00	38.0	899.5	76.0	455.2	15000.2	23.4	139.9
480.00	43.4	908.2	76.0	752.8	24809.0	26.2	168.9
CAURUS		      15
2.0	10.0	10.0	10.0
0.00	0.0	795.0	0.0	10.8	10.8
0.25	20.0	818.9	10.3	39.4	61.2
0.50	23.5	822.7	18.8	53.0	108.0
1.00	27.3	826.7	29.4	72.4	193.0
2.00	31.3	831.0	37.4	101.6	318.5
3.00	33.6	833.6	39.0	123.9	400.5
6.00	37.4	837.6	39.1	170.0	550.3
9.00	39.4	839.8	39.1	202.2	654.5
12.00	40.8	841.3	39.1	227.7	736.8
24.00	44.1	844.8	39.1	298.5	966.1
48.00	47.0	848.0	39.1	384.1	1243.2
72.00	48.7	849.8	39.1	441.2	1428.0
96.00	49.8	851.0	39.1	486.2	1573.5
120.00	50.7	852.0	39.1	523.8	1695.2
480.00	57.1	858.8	39.1	895.5	2898.4
DRAUGEN		15
2.00	10.0	10.0	10.0
0.00	0.0	823.0	0.0	3.1	3.1	-33.0	0.0
0.25	23.8	868.3	7.6	59.4	67.9	-3.6	15.7
0.50	27.0	874.2	15.8	99.2	131.5	0.6	31.3
1.00	29.9	879.5	28.7	157.7	269.1	4.4	46.4
2.00	32.5	884.2	45.9	238.5	588.9	7.9	60.4
3.00	34.0	886.8	55.8	299.8	938.0	9.8	68.9
6.00	36.3	891.1	67.1	437.3	1826.1	13.0	82.4
9.00	37.7	893.6	69.4	542.6	2409.2	14.9	90.2
12.00	38.6	895.3	69.9	630.1	2832.9	16.2	95.7
24.00	40.8	899.3	70.0	895.8	4040.3	19.2	107.5
48.00	43.0	903.3	70.0	1265.7	5708.6	22.3	118.8
72.00	44.3	905.6	70.0	1551.1	6995.5	24.1	126.5
96.00	45.2	907.3	70.0	1801.3	8124.3	25.4	132.6
120.00	46.0	908.7	70.0	2030.5	9158.0	26.5	137.6
480.00	51.9	919.4	70.0	5206.8	23483.3	35.1	158.7
EDVARD GRIEG	15
2.00	10.0	10.0	10.0
0.00	0.0	850.0	0.0	17.5	17.5
0.25	14.9	875.2	2.2	60.3	67.0
0.50	18.1	880.4	7.6	79.5	116.3
1.00	21.0	885.2	19.3	102.4	274.4
2.00	23.8	889.7	37.6	130.1	952.9
3.00	25.3	892.2	49.9	149.0	2254.6
6.00	27.9	896.4	68.1	186.5	8888.9
9.00	29.4	898.9	74.3	212.0	15249.2
12.00	30.4	900.5	76.3	231.7	19065.3
24.00	32.8	904.4	76.8	285.0	24353.9
48.00	35.1	908.1	76.8	347.4	29681.9
72.00	36.4	910.2	76.8	388.2	33171.2
96.00	37.3	911.7	76.8	420.1	35891.7
120.00	38.0	912.8	76.8	446.5	38153.1
480.00	43.1	921.2	76.8	697.0	59553.7
EKOFISK		15
2.0	10.0	10.0	10.0
0.00	0.0	851.0	0.0	107.3	107.3	0.0	0.0
0.25	12.7	870.2	8.8	411.5	442.8	8.4	30.7
0.50	15.4	874.1	15.4	563.5	644.2	10.0	49.4
1.00	18.1	877.9	26.6	766.3	979.5	11.7	68.7
2.00	20.6	881.6	42.9	1030.8	1595.8	13.2	86.8
3.00	22.1	883.7	53.7	1219.6	2192.8	14.1	96.0
6.00	24.4	887.2	68.6	1608.0	3709.4	15.6	109.0
9.00	25.8	889.2	73.1	1885.1	4741.3	16.5	115.7
12.00	26.8	890.6	74.6	2107.8	5461.0	17.1	120.4
24.00	29.0	893.9	75.8	2750.1	7302.0	18.6	131.0
48.00	31.3	897.1	76.5	3574.6	9633.5	20.0	141.2
72.00	32.6	899.0	76.9	4152.1	11283.3	20.8	147.3
96.00	33.5	900.3	77.2	4617.3	12621.7	21.4	151.9
120.00	34.2	901.4	77.4	5011.8	13762.5	21.9	155.8
480.00	39.2	908.7	78.9	9005.4	25549.2	25.1	181.0
JOTUN ELLI VINTER	15
2.0	10.0	5.0	5.0
0.00	0.0	839.0	0.0	868.5	868.5	3.0	0.0
0.25	8.7	852.7	5.7	1630.7	1650.4	12.2	27.6
0.50	11.2	856.3	13.2	2043.0	2105.0	13.9	35.7
1.00	13.8	860.1	23.9	2591.8	2754.4	15.6	44.5
2.00	16.4	864.0	36.5	3305.9	3685.2	17.4	53.7
3.00	18.0	866.3	43.0	3807.5	4380.3	18.5	59.2
6.00	20.6	870.1	49.0	4837.9	5765.3	20.3	68.8
9.00	22.1	872.3	49.9	5547.5	6647.5	21.3	74.3
12.00	23.1	873.8	50.0	6112.9	7330.9	22.1	78.3
24.00	25.6	877.5	50.0	7705.3	9241.8	23.8	88.0
48.00	28.2	881.3	50.0	9725.5	11664.7	25.6	98.1
72.00	29.7	883.4	50.0	11144.9	13367.2	26.6	104.1
96.00	30.7	885.0	50.0	12260.2	14704.8	27.4	108.4
120.00	31.5	886.1	50.0	13196.9	15828.3	27.9	111.7
480.00	36.4	893.3	50.0	20667.8	24789.0	31.4	132.6
JOTUN ELLI SOMMER	15
2.0	10.0	13.0	13.0
0.00	0.0	839.0	0.0	93.0	93.0	3.0	0.0
0.25	10.4	855.3	3.6	441.9	445.1	13.4	33.3
0.50	13.1	859.2	11.8	621.1	637.5	15.2	42.2
1.00	15.9	863.2	28.3	882.7	949.8	17.1	51.8
2.00	18.6	867.2	46.5	1253.6	1453.4	18.9	61.6
3.00	20.2	869.6	53.1	1536.4	1847.8	20.0	67.4
6.00	22.9	873.5	57.6	2160.0	2675.3	21.9	77.4
9.00	24.4	875.8	58.7	2633.2	3284.8	23.0	83.4
12.00	25.5	877.4	59.1	3026.5	3787.7	23.7	87.6
24.00	28.2	881.2	59.7	4239.0	5328.6	25.6	98.1
48.00	30.8	885.1	59.9	5934.5	7471.2	27.4	108.8
72.00	32.4	887.3	60.0	7201.1	9068.4	28.5	115.1
96.00	33.4	888.9	60.0	8238.0	10375.3	29.3	119.6
120.00	34.2	890.1	60.0	9125.4	11493.4	29.8	123.0
480.00	39.9	898.4	60.0	18803.7	23684.6	33.9	148.1
EMBLA 2000		15
2.0	10.0	10.0	10.0
0.00	0.0	816.0	0.0	4.2	4.2	-24.0	0.0
0.25	16.6	834.6	0.0	70.4	70.3	0.4	0.0
0.50	19.9	838.2	0.1	113.3	113.2	3.7	0.0
1.00	23.0	841.5	0.3	177.3	176.4	6.8	0.0
2.00	25.9	844.7	1.0	269.1	264.7	9.8	0.0
3.00	27.5	846.4	1.9	340.0	329.6	11.5	0.0
6.00	30.2	849.3	4.4	499.2	465.8	14.3	0.0
9.00	31.7	851.0	6.5	622.7	564.3	15.9	0.0
12.00	32.8	852.1	8.4	727.2	643.7	17.1	0.0
24.00	35.3	854.9	14.1	1048.8	870.1	19.8	0.0
48.00	37.8	857.5	21.6	1490.3	1153.2	22.4	0.0
72.00	39.1	859.0	26.6	1813.1	1349.9	23.9	0.0
96.00	40.1	860.0	30.4	2081.4	1509.7	24.9	0.0
120.00	40.8	860.8	33.2	2314.5	1648.5	25.7	0.0
480.00	46.0	866.5	48.1	4926.0	3247.1	31.5	0.0
ESSO FORSETI	15
2.00	10.0	10.0	10.0
0.00	0.0	916.0	0.0	327.1	327.1	-3.0	0.0
0.25	2.8	920.3	4.0	548.3	574.1	-1.3	73.9
0.50	3.7	921.6	7.8	625.4	686.3	-0.8	76.8
1.00	4.9	923.1	14.9	731.9	884.6	-0.2	80.4
2.00	6.1	924.8	27.0	873.5	1294.3	0.5	84.4
3.00	7.0	925.9	36.9	977.9	1796.4	1.0	86.9
6.00	8.5	927.9	56.8	1206.5	4331.0	1.8	91.8
9.00	9.5	929.2	67.5	1379.7	9151.4	2.4	94.9
12.00	10.2	930.1	73.0	1525.5	15908.5	2.8	97.2
24.00	12.1	932.6	76.9	1973.9	30790.6	3.8	103.4
48.00	14.1	935.3	76.9	2610.1	40714.8	4.9	110.1
72.00	15.3	936.9	76.9	3092.1	48232.5	5.6	114.2
96.00	16.2	938.1	76.9	3501.4	54617.2	6.1	117.3
120.00	17.0	939.1	76.9	3866.2	60308.7	6.5	119.8
480.00	22.2	946.0	76.9	7987.0	124586.7	9.4	138.3
FRAM VINTER		15
2.0	10.0	5.0	5.0
0.00	0.0	858.0	0.0	1120.6	1120.6	15.0	0.0
0.25	11.6	867.8	0.3	4805.8	4736.1	21.1	0.0
0.50	13.8	869.6	1.4	6013.3	5661.9	22.1	0.0
1.00	16.0	871.6	5.2	7549.4	6111.2	23.2	0.0
2.00	18.3	873.5	15.4	9469.8	5582.0	24.2	0.0
3.00	19.5	874.5	23.3	10790.7	5273.0	24.8	0.0
6.00	21.7	876.4	32.6	13478.2	5542.6	25.8	0.0
9.00	23.0	877.5	37.4	15333.8	5859.0	26.4	0.0
12.00	23.9	878.3	40.6	16819.0	6132.7	26.8	0.0
24.00	26.0	880.1	48.1	21032.8	6980.7	27.8	0.0
48.00	28.3	882.1	54.6	26441.4	8166.2	28.9	0.0
72.00	29.6	883.2	58.0	30275.7	9045.8	29.5	0.0
96.00	30.5	884.0	60.1	33342.0	9764.6	30.0	0.0
120.00	31.3	884.7	61.6	35976.0	10390.3	30.3	0.0
480.00	36.4	889.0	68.9	60498.7	16419.2	32.7	0.0
FRAM SOMMER		15
2.0	10.0	13.0	13.0
0.00	0.0	858.0	0.0	641.0	641.0	15.0	0.0
0.25	13.2	869.1	0.5	2830.7	2773.9	21.8	0.0
0.50	15.5	871.1	1.8	3521.0	3261.0	22.9	0.0
1.00	17.8	873.1	5.9	4380.8	3451.1	24.0	0.0
2.00	20.1	875.0	15.2	5432.8	3215.9	25.0	0.0
3.00	21.4	876.2	21.7	6158.2	3114.6	25.7	0.0
6.00	23.7	878.1	30.6	7620.2	3243.6	26.7	0.0
9.00	25.0	879.3	34.9	8643.7	3427.4	27.4	0.0
12.00	26.0	880.1	37.8	9452.8	3586.4	27.8	0.0
24.00	28.3	882.1	44.5	11775.5	4082.1	28.9	0.0
48.00	30.7	884.1	50.3	14734.5	4768.5	30.0	0.0
72.00	32.1	885.3	53.2	16856.6	5284.3	30.7	0.0
96.00	33.1	886.2	55.1	18592.7	5716.2	31.2	0.0
120.00	34.0	887.0	56.4	20097.1	6096.2	31.6	0.0
480.00	40.3	892.4	62.8	36498.7	10426.9	34.6	0.0
FROY			15
2.0	10.0	10.0	10.0
0.00	0.0	839.0	0.0	10.8	10.8	12.0	0.0
0.25	19.0	870.8	0.1	113.4	113.7	21.9	65.5
0.50	21.9	875.4	0.4	166.3	168.3	23.4	76.9
1.00	24.6	879.6	1.7	238.1	250.0	24.8	87.9
2.00	27.2	883.6	4.9	333.5	385.6	26.1	98.5
3.00	28.6	885.9	7.4	402.0	500.3	26.8	104.5
6.00	31.0	889.4	11.4	543.5	766.2	28.0	114.5
9.00	32.3	891.5	14.2	646.2	994.2	28.7	120.3
12.00	33.2	892.9	16.4	730.2	1204.3	29.2	124.4
24.00	35.5	896.4	22.3	980.3	1961.1	30.3	134.7
48.00	37.7	899.9	28.8	1312.7	3276.1	31.5	145.0
72.00	39.0	901.9	32.6	1550.6	4428.7	32.2	151.1
96.00	39.9	903.2	35.3	1742.5	5481.6	32.6	155.4
120.00	40.6	904.3	37.4	1904.6	6451.7	33.0	158.7
480.00	45.3	911.7	50.1	3555.1	19693.5	35.5	182.5
GAUPE			15
2.0	10.0	10.0	10.0
0.00	0.0	862.0	0.0	199.9	199.9
0.25	7.1	870.6	7.0	337.7	417.9
0.50	8.7	872.6	14.0	379.8	584.9
1.00	10.4	874.5	25.8	426.0	963.8
2.00	12.0	876.4	43.0	479.0	1963.5
3.00	13.0	877.6	54.1	513.9	3176.9
6.00	14.8	879.7	69.2	581.3	6474.2
9.00	15.8	880.9	73.4	626.6	8275.4
12.00	16.6	881.8	74.6	662.0	9170.6
24.00	18.6	884.1	75.0	759.2	10711.8
48.00	20.6	886.5	75.0	875.4	12353.6
72.00	21.8	887.9	75.0	952.0	13435.5
96.00	22.6	888.9	75.0	1011.7	14277.7
120.00	23.3	889.7	75.0	1061.4	14978.3
480.00	28.2	895.5	75.0	1501.4	21189.0
GJOA SOMMER_10		12
2.0	15.0	10.0	10.0
0.0	0.0	836.0	0.0	37.0	37.0	0.0	0.0
1.0	27.0	836.0	8.0	37.0	37.0	0.0	0.0
2.0	31.0	836.0	16.0	65.0	65.0	0.0	0.0
3.0	33.0	836.0	22.0	92.0	92.0	0.0	0.0
6.0	35.0	836.0	33.0	160.0	160.0	0.0	0.0
9.0	37.0	836.0	39.0	220.0	220.0	0.0	0.0
12.0	37.0	836.0	43.0	260.0	260.0	0.0	0.0
24.0	39.0	836.0	51.0	380.0	380.0	0.0	0.0
48.0	39.0	836.0	54.0	510.0	510.0	0.0	0.0
72.0	40.0	836.0	54.0	570.0	570.0	0.0	0.0
96.0	40.0	836.0	54.0	630.0	630.0	0.0	0.0
120.0	40.0	836.0	54.0	690.0	690.0	0.0	0.0
GJOA SOMMER_15	12
2.0  	15.0	15.0	10.0
0.0	0.0	836.0	0.0	63.0	63.0	0.0	0.0
1.0	30.0	836.0	16.0	63.0	63.0	0.0	0.0
2.0	32.0	836.0	26.0	110.0	110.0	0.0	0.0
3.0	33.0	836.0	32.0	160.0	160.0	0.0	0.0
6.0	34.0	836.0	42.0	250.0	250.0	0.0	0.0
9.0	34.0	836.0	46.0	320.0	320.0	0.0	0.0
12.0	34.0	836.0	50.0	370.0	370.0	0.0	0.0
24.0	34.0	836.0	54.0	500.0	500.0	0.0	0.0
48.0	34.0	836.0	54.0	630.0	630.0	0.0	0.0
72.0	34.0	836.0	54.0	730.0	730.0	0.0	0.0
96.0	34.0	836.0	54.0	810.0	810.0	0.0	0.0
120.0	34.0	836.0	54.0	880.0	880.0	0.0	0.0
GJOA VINTER_10	12
2.0  	5.0	10.0	10.0
0.0	0.0	836.0	0.0	120.0	120.0	0.0	0.0
1.0	24.0	836.0	23.0	120.0	120.0	0.0	0.0
2.0	28.0	836.0	35.0	270.0	270.0	0.0	0.0
3.0	30.0	836.0	43.0	440.0	440.0	0.0	0.0
6.0	32.0	836.0	57.0	980.0	980.0	0.0	0.0
9.0	34.0	836.0	63.0	1400.0	1400.0	0.0	0.0
12.0	35.0	836.0	66.0	1700.0	1700.0	0.0	0.0
24.0	37.0	836.0	69.0	2430.0	2430.0	0.0	0.0
48.0	38.0	836.0	72.0	3280.0	3280.0	0.0	0.0
72.0	39.0	836.0	73.0	3890.0	3890.0	0.0	0.0
96.0	39.0	836.0	73.0	4270.0	4270.0	0.0	0.0
120.0	39.0	836.0	73.0	4570.0	4570.0	0.0	0.0
GJOA VINTER_15	12
2.0  	5.0	15.0	10.0
0.0	0.0	836.0	0.0	270.0	270.0	0.0	0.0
1.0	27.0	836.0	36.0	270.0	270.0	0.0	0.0
2.0	29.0	836.0	50.0	630.0	630.0	0.0	0.0
3.0	30.0	836.0	58.0	990.0	990.0	0.0	0.0
6.0	32.0	836.0	66.0	1680.0	1680.0	0.0	0.0
9.0	33.0	836.0	68.0	2090.0	2090.0	0.0	0.0
12.0	33.0	836.0	69.0	2390.0	2390.0	0.0	0.0
24.0	33.0	836.0	71.0	3230.0	3230.0	0.0	0.0
48.0	33.0	836.0	73.0	4230.0	4230.0	0.0	0.0
72.0	33.0	836.0	73.0	4780.0	4780.0	0.0	0.0
96.0	33.0	836.0	73.0	5260.0	5260.0	0.0	0.0
120.0	33.0	836.0	73.0	5700.0	5700.0	0.0	0.0
GLITNE VINTER	15
2.00	10.0	10.0	10.0
0.00	0.0	864.0	0.0	848.2	848.2	9.0	0.0
0.25	10.9	885.6	1.6	1417.6	1438.6	15.5	0.0
0.50	13.0	889.3	3.4	1707.5	1760.9	16.7	0.0
1.00	15.1	893.0	6.8	2051.0	2180.8	17.9	0.0
2.00	17.0	896.6	12.9	2451.5	2756.2	19.1	0.0
3.00	18.2	898.7	18.2	2720.7	3213.8	19.8	0.0
6.00	20.2	902.3	30.5	3254.5	4319.5	21.0	0.0
9.00	21.4	904.4	38.8	3622.0	5208.7	21.8	0.0
12.00	22.2	906.0	44.4	3908.5	5937.8	22.3	0.0
24.00	24.3	909.6	53.6	4692.3	7811.8	23.5	0.0
48.00	26.2	913.2	55.9	5601.9	9544.5	24.7	0.0
72.00	27.4	915.2	56.0	6192.7	10561.6	25.4	0.0
96.00	28.2	916.7	56.0	6653.5	11348.0	25.9	0.0
120.00	28.8	917.8	56.0	7038.1	12004.0	26.3	0.0
480.00	33.4	926.1	56.0	10661.1	18183.2	29.1	0.0
GLITNE SOMMER	15
2.00	10.0	10.0	10.0
0.00	0.0	864.0	0.0	297.6	297.6	9.0	0.0
0.25	10.9	885.6	2.8	1010.9	1019.5	15.5	0.0
0.50	13.0	889.3	5.9	1316.2	1341.0	16.7	0.0
1.00	15.1	893.0	11.8	1707.1	1775.8	17.9	0.0
2.00	17.0	896.6	22.1	2198.5	2387.8	19.1	0.0
3.00	18.2	898.7	30.7	2548.8	2894.2	19.8	0.0
6.00	20.2	902.3	48.9	3286.3	4272.7	21.0	0.0
9.00	21.4	904.4	59.7	3824.8	5631.0	21.8	0.0
12.00	22.2	906.0	66.0	4261.1	6937.6	22.3	0.0
24.00	24.3	909.6	72.6	5522.3	10362.2	23.5	0.0
48.00	26.2	913.2	72.7	7100.3	13356.4	24.7	0.0
72.00	27.4	915.2	72.7	8185.5	15398.2	25.4	0.0
96.00	28.2	916.7	72.7	9062.9	17049.0	25.9	0.0
120.00	28.8	917.8	72.7	9814.9	18463.8	26.3	0.0
480.00	33.4	926.1	72.7	17689.6	33278.0	29.1	0.0
GOLIAT KOBBE	15
2.00	10.0	10.0	10.0
0.00	0.0	796.0	0.0	24.3	24.3	-39.0	0.0
0.25	19.6	829.9	5.7	137.9	139.5	-16.2	13.0
0.50	23.5	836.3	13.7	211.1	217.6	-11.6	24.8
1.00	27.1	842.2	24.6	311.9	331.1	-7.3	36.1
2.00	30.4	847.6	38.2	446.3	495.3	-3.3	46.7
3.00	32.2	850.6	47.4	543.2	626.0	-1.0	52.7
6.00	35.0	855.3	63.3	743.9	933.8	2.6	62.6
9.00	36.7	858.0	70.5	888.0	1173.1	4.6	68.3
12.00	37.8	859.8	74.0	1003.9	1364.8	6.0	72.3
24.00	40.4	864.2	78.4	1340.0	1897.3	9.4	81.8
48.00	43.0	868.4	81.1	1772.0	2579.8	12.7	91.4
72.00	44.4	870.8	82.6	2077.6	3074.1	14.7	96.9
96.00	45.5	872.5	83.6	2326.1	3482.5	16.0	100.9
120.00	46.3	873.8	84.4	2538.7	3836.6	17.1	104.0
480.00	52.2	883.5	87.9	4837.3	7635.7	25.0	127.7
GOLIAT REALGRUNNEN      	15
2.00	10.0	5.0	5.0
0.00	0.0	857.0	0.0	415.2	415.2	-12.0	0.0
0.25	10.7	866.8	9.1	781.9	797.4	2.3	39.4
0.50	13.5	869.2	17.1	967.4	1006.5	5.0	49.7
1.00	16.3	871.5	30.0	1189.9	1287.5	7.7	60.0
2.00	19.0	873.8	47.1	1455.9	1693.6	10.4	70.4
3.00	20.5	875.1	56.9	1635.9	2016.2	11.9	76.6
6.00	23.2	877.4	67.6	1998.2	2681.2	14.6	87.4
9.00	24.8	878.7	69.5	2245.8	3072.7	16.1	93.9
12.00	25.9	879.7	69.9	2442.3	3354.3	17.3	98.6
24.00	28.6	882.0	70.0	2999.0	4122.5	20.0	110.4
48.00	31.4	884.4	70.0	3698.7	5084.3	22.9	122.9
72.00	33.1	885.8	70.0	4187.1	5755.7	24.6	130.4
96.00	34.2	886.8	70.0	4569.9	6281.9	25.9	135.8
120.00	35.1	887.5	70.0	4894.0	6727.4	26.8	140.1
480.00	41.3	892.8	70.0	7799.1	10720.9	33.4	170.5
GRANE 		15
2.0	10.0	10.0	10.0
0.00	0.0	942.0	0.0	782.3	782.3	-24.0	0.0
0.25	2.7	947.4	0.5	1181.1	1192.2	-18.4	76.8
0.50	3.3	948.3	1.5	1288.8	1329.0	-17.5	80.9
1.00	4.0	949.4	4.9	1431.9	1581.9	-16.4	85.9
2.00	4.9	950.8	14.0	1634.0	2206.9	-15.1	92.2
3.00	5.5	951.7	23.0	1792.2	3016.7	-14.1	96.7
6.00	6.7	953.7	39.7	2152.3	5795.4	-12.2	105.8
9.00	7.5	954.9	46.7	2425.3	8205.4	-10.9	111.9
12.00	8.0	955.8	50.4	2649.0	10177.3	-10.0	116.4
24.00	9.5	958.1	56.3	3308.3	15883.0	-7.7	128.1
48.00	11.1	960.6	59.8	4208.4	23222.9	-5.1	141.2
72.00	12.1	962.2	60.6	4881.2	27783.7	-3.5	149.4
96.00	12.8	963.3	60.8	5451.1	31290.2	-2.3	155.7
120.00	13.4	964.2	60.9	5958.9	34328.5	-1.3	160.8
480.00	17.9	971.3	61.0	11726.7	67802.2	6.1	201.6
GUDRUN			15
2.0	10.0	10.0	10.0
0.00	0.0	824.0	0.0	8.5	8.5
0.25	16.4	844.3	9.7	27.7	43.8
0.50	19.9	848.6	23.1	38.6	108.7
1.00	23.5	853.0	40.4	54.2	297.5
2.00	27.3	857.7	57.6	77.4	768.2
3.00	29.6	860.5	64.8	96.0	1194.9
6.00	33.4	865.2	69.6	137.8	1986.5
9.00	35.7	867.9	70.0	169.6	2471.0
12.00	37.2	869.8	70.0	196.0	2857.8
24.00	40.8	874.1	70.0	274.0	3994.8
48.00	44.1	878.2	70.0	375.5	5474.7
72.00	45.9	880.5	70.0	446.3	6507.7
96.00	47.2	882.0	70.0	503.7	7344.9
120.00	48.2	883.3	70.0	552.8	8059.7
480.00	55.3	891.9	70.0	1075.6	15682.4
GULLFAKS AB		15
2.0	10.0	10.0	10.0
0.00	0.0	882.0	0.0	22.0	22.0	-40.0	0.0
0.25	9.1	894.8	0.0	49.2	49.3	-25.1	41.0
0.50	11.3	897.6	0.2	61.6	62.1	-21.4	49.4
1.00	13.6	900.5	1.0	77.5	80.9	-17.6	58.4
2.00	15.9	903.4	4.1	98.1	117.7	-13.7	67.7
3.00	17.3	905.2	8.8	112.7	167.3	-11.3	73.4
6.00	19.6	908.2	22.2	142.9	397.8	-7.3	83.3
9.00	21.0	909.9	28.6	164.2	622.8	-4.9	89.2
12.00	22.0	911.1	32.4	181.1	831.3	-3.1	93.5
24.00	24.2	914.1	41.4	228.7	1667.5	1.0	103.7
48.00	26.5	917.0	49.7	288.7	3281.2	5.2	114.3
72.00	27.9	918.7	54.1	330.3	4755.9	7.6	120.5
96.00	28.8	919.9	56.9	364.0	6141.1	9.4	125.1
120.00	29.6	920.9	59.0	393.0	7451.3	10.8	128.7
480.00	35.1	927.9	70.1	689.5	24858.3	21.4	156.4
GULLFAKS C		15
2.0	10.0	10.0	10.0
0.00	0.0	863.0	0.0	18.6	18.6	-9.0	0.0
0.25	13.0	881.7	18.9	38.8	89.7	-0.8	52.5
0.50	15.6	885.0	35.7	46.6	219.5	0.9	60.7
1.00	18.2	888.3	55.3	55.9	592.1	2.6	69.1
2.00	20.8	891.6	71.0	67.0	1325.7	4.3	77.7
3.00	22.3	893.5	75.3	74.5	1741.8	5.3	82.8
6.00	24.9	896.7	76.6	88.9	2182.7	7.0	91.5
9.00	26.4	898.6	76.6	98.5	2419.1	8.0	96.7
12.00	27.4	899.9	76.6	105.9	2600.4	8.7	100.4
24.00	29.9	903.0	76.6	125.6	3085.0	10.4	109.2
48.00	32.3	906.1	76.6	148.7	3651.0	12.0	118.1
72.00	33.7	907.8	76.6	163.8	4021.6	13.0	123.3
96.00	34.7	909.1	76.6	175.6	4310.7	13.7	127.1
120.00	35.4	910.1	76.6	185.4	4551.6	14.2	130.1
480.00	41.2	917.3	76.6	276.7	6793.2	18.2	152.8
GULLFAKS SOR	15
2.0	10.0	10.0	10.0
0.00	0.0	856.0	0.0	75.3	75.3	3.0	0.0
0.25	8.3	868.3	0.9	205.3	214.5	13.7	51.0
0.50	9.8	870.1	3.3	238.6	279.6	15.2	59.0
1.00	11.3	871.8	10.7	275.3	440.1	16.7	66.7
2.00	12.7	873.4	24.9	314.9	805.8	18.0	74.2
3.00	13.5	874.3	32.3	340.1	1059.7	18.8	78.5
6.00	14.9	876.0	40.5	390.5	1471.1	20.2	86.4
9.00	15.8	877.1	44.9	428.0	1767.6	21.2	91.7
12.00	16.6	877.9	48.3	460.3	2028.4	21.9	96.1
24.00	18.7	880.3	56.5	563.7	2871.8	24.0	108.3
48.00	21.0	883.1	63.7	708.5	4048.5	26.4	122.6
72.00	22.4	884.7	67.2	814.1	4894.1	27.9	131.6
96.00	23.5	886.0	69.4	901.6	5586.8	28.9	138.3
120.00	24.3	886.9	70.9	978.4	6188.1	29.8	143.7
480.00	30.5	894.2	77.5	1792.5	12357.9	36.3	186.4
GYDA			15
2.0	10.0	10.0	10.0
0.00	0.0	823.0	0.0	3.1	3.1	-15.0	0.0
0.25	18.4	850.6	33.0	30.5	63.4	5.8	0.0
0.50	21.8	855.5	54.0	54.2	196.9	9.1	0.0
1.00	24.9	860.1	71.9	92.3	577.2	12.3	0.0
2.00	27.8	864.3	79.2	151.2	1205.9	15.2	0.0
3.00	29.5	866.7	79.9	199.7	1633.8	16.9	0.0
6.00	32.2	870.6	80.0	315.7	2591.6	19.6	0.0
9.00	33.7	872.8	80.0	407.6	3346.1	21.2	0.0
12.00	34.7	874.2	80.0	484.1	3973.9	22.2	0.0
24.00	37.1	877.6	80.0	717.5	5890.4	24.7	0.0
48.00	39.3	880.8	80.0	1046.7	8593.0	27.0	0.0
72.00	40.6	882.6	80.0	1296.6	10644.6	28.3	0.0
96.00	41.4	883.9	80.0	1506.3	12366.0	29.3	0.0
120.00	42.1	884.9	80.0	1689.1	13866.5	30.0	0.0
480.00	47.0	891.9	80.0	3830.0	31441.5	35.2	0.0
HEIDRUN		15
2.0	10.0	10.0	10.0
0.00	0.0	883.0	0.0	20.9	20.9	-50.0	0.0
0.25	11.1	904.0	2.0	62.3	65.3	-37.1	55.0
0.50	12.9	906.9	5.9	74.3	85.5	-35.0	62.5
1.00	14.8	910.0	14.7	89.2	129.1	-32.7	70.4
2.00	16.8	913.3	29.9	108.1	249.7	-30.3	79.0
3.00	18.0	915.3	41.0	121.7	424.6	-28.8	84.4
6.00	20.2	918.9	58.9	150.6	1221.2	-26.1	94.3
9.00	21.5	921.2	65.7	171.8	2086.6	-24.4	100.5
12.00	22.5	922.8	68.4	189.3	2734.1	-23.2	105.2
24.00	25.0	926.9	70.1	240.9	3887.9	-20.1	117.1
48.00	27.5	931.0	70.1	307.3	4962.3	-16.9	129.4
72.00	28.9	933.4	70.1	353.0	5701.7	-15.0	136.7
96.00	29.9	935.1	70.1	390.1	6300.0	-13.7	141.9
120.00	30.7	936.4	70.1	422.0	6816.1	-12.6	146.1
480.00	36.6	946.2	70.1	753.8	12174.7	-4.7	178.5
HEIDRUN AARE		15
2.00	10.0	10.0	10.0
0.00	0.0	926.0	0.0	195.1	195.1	-39.0	0.0
0.25	2.6	930.0	2.6	270.0	294.7	-36.9	83.5
0.50	3.1	930.6	5.8	284.9	348.2	-36.4	85.6
1.00	3.7	931.3	12.5	305.2	474.7	-35.7	88.4
2.00	4.6	932.3	24.7	333.8	825.8	-34.7	91.9
3.00	5.1	933.0	34.6	355.6	1319.9	-34.1	94.5
6.00	6.3	934.4	54.0	404.2	3606.3	-32.7	99.7
9.00	7.1	935.3	64.0	441.8	6520.2	-31.8	103.4
12.00	7.7	936.1	69.2	474.0	9236.2	-31.1	106.3
24.00	9.4	938.2	74.6	573.4	15014.1	-29.0	114.3
48.00	11.3	940.4	75.0	706.8	18976.4	-26.8	123.4
72.00	12.5	941.8	75.0	801.0	21507.5	-25.5	128.9
96.00	13.3	942.8	75.0	878.3	23582.5	-24.5	133.0
120.00	14.0	943.6	75.0	946.5	25415.9	-23.7	136.3
480.00	19.3	950.0	75.0	1706.7	45827.5	-17.2	163.8
IVAR AASEN (DRAUPNE)	15
2.00	10.0	10.0	10.0
0.00	0.0	838	0	8.5	8.5
0.25	10.4	852.6	5.8	18.6	24.8
0.50	14.0	857.2	18.0	25.2	61.1
1.00	17.5	861.5	34.0	33.5	173.4
2.00	20.7	865.7	49.7	44.0	469.1
3.00	22.6	868.0	57.6	51.4	782.8
6.00	25.7	872.0	67.8	66.6	1589.2
9.00	27.5	874.1	72.4	76.9	2246.9
12.00	28.6	875.6	75.4	84.8	2820.6
24.00	31.3	879.0	80.0	105.8	4294.6
48.00	33.8	882.2	80.0	130.7	5308.0
72.00	35.3	884.1	80.0	147.6	5990.5
96.00	36.4	885.4	80.0	161.0	6538.1
120.00	37.2	886.4	80.0	172.6	7006.3
480.00	43.5	894.4	80.0	290.8	11806.6
JORDBAER			15
2.00	10.0	10.0	10.0
0.00	0.0	802.0	0.0	5.3	5.3
0.25	18.3	830.8	12.2	16.5	30.2
0.50	23.2	838.1	22.6	23.3	72.5
1.00	27.6	844.6	39.2	32.0	236.6
2.00	31.5	850.5	60.3	42.5	989.7
3.00	33.7	853.8	71.7	49.7	2191.1
6.00	37.2	859.0	82.9	63.9	5367.9
9.00	39.2	861.9	84.7	73.5	6838.3
12.00	40.5	863.9	84.9	80.9	7644.2
24.00	43.5	868.4	85.0	100.6	9528.5
48.00	46.4	872.7	85.0	123.7	11710.4
72.00	48.0	875.1	85.0	138.7	13140.2
96.00	49.2	876.8	85.0	150.5	14248.4
120.00	50.0	878.1	85.0	160.1	15163.0
480.00	56.3	887.4	85.0	251.4	23805.9
KRISTIN SOMMER	15
2.00	10.0	13.0	13.0
0.00	0.0	794.0	0.0	2.0	2.0	-39.0	0.0
0.25	23.8	822.9	0.0	36.6	36.6	-11.0	18.7
0.50	29.2	829.4	2.5	80.5	79.1	-4.5	33.1
1.00	34.6	835.9	13.7	177.6	159.2	2.1	48.3
2.00	39.3	841.5	28.2	355.1	272.6	8.0	62.3
3.00	41.7	844.4	36.3	505.3	346.5	11.0	69.6
6.00	45.3	848.7	47.2	854.6	481.4	15.7	80.8
9.00	47.2	851.0	52.7	1133.3	561.9	18.2	87.0
12.00	48.5	852.6	56.1	1369.6	618.8	19.9	91.2
24.00	51.4	856.1	64.3	2097.2	720.7	23.7	100.8
48.00	53.9	859.1	70.0	3037.8	808.0	27.1	109.4
72.00	55.3	860.8	70.0	3719.8	989.4	29.0	114.2
96.00	56.3	861.9	70.0	4277.8	1137.8	30.3	117.5
120.00	57.0	862.8	70.0	4775.1	1270.1	31.3	120.1
480.00	62.3	869.2	70.0	10418.3	2771.1	38.7	139.4
KRISTIN VINTER	15
2.00	10.0	5.0	5.0
0.00	0.0	794.0	0.0	7.0	7.0	-39.0	0.0
0.25	20.6	819.0	7.3	101.7	90.1	-14.8	10.3
0.50	25.4	824.8	12.7	199.7	160.7	-9.2	22.7
1.00	30.6	831.1	20.6	418.4	289.6	-2.8	37.1
2.00	35.7	837.2	31.3	853.7	471.6	3.4	51.5
3.00	38.3	840.3	37.9	1235.9	585.2	6.7	59.3
6.00	42.2	845.1	47.4	2148.8	795.7	11.7	71.2
9.00	44.2	847.5	51.4	2846.6	941.0	14.3	77.5
12.00	45.6	849.1	53.9	3444.2	1057.4	16.1	81.8
24.00	48.6	852.7	59.1	5280.5	1378.7	20.1	91.6
48.00	51.4	856.1	63.8	7789.7	1738.0	23.7	100.8
72.00	52.8	857.8	66.2	9530.9	1954.4	25.7	105.6
96.00	53.8	858.9	67.8	10918.3	2112.0	27.0	108.9
120.00	54.5	859.8	69.1	12099.7	2237.9	28.0	111.4
480.00	59.2	865.4	70.0	23399.8	4177.3	34.4	128.0
LINERLE		15
2.00	10.0	10.0	10.0
0.00	0.0	951.0	0.0	1850.6	1850.6	-15.0	0.0
0.25	0.3	952.5	0.1	1850.6	1858.4	-15.0	0.0
0.50	0.4	952.7	0.2	1850.6	1865.3	-15.0	0.0
1.00	0.5	952.9	0.6	1850.6	1884.3	-15.0	0.0
2.00	0.6	953.3	1.4	1850.6	1934.5	-15.0	0.0
3.00	0.7	953.6	2.5	1850.6	2004.2	-15.0	0.0
6.00	1.0	954.4	7.2	1850.6	2331.6	-15.0	0.0
9.00	1.2	954.9	13.0	1850.6	2821.7	-15.0	0.0
12.00	1.4	955.4	19.1	1850.6	3450.1	-15.0	0.0
24.00	1.9	956.7	38.4	1850.6	6635.2	-15.0	0.0
48.00	2.6	958.6	53.6	1850.6	11329.7	-15.0	0.0
72.00	3.1	960.0	58.2	1850.6	13390.9	-15.0	0.0
96.00	3.5	961.1	60.3	1850.6	14436.1	-15.0	0.0
120.00	3.9	962.0	61.5	1850.6	15040.9	-15.0	0.0
480.00	7.0	970.2	63.4	1850.6	16155.1	-15.0	0.0
NJORD			15
2.0	10.0	10.0	10.0
0.00	0.0	807.0	0.0	5.3	5.3	-24.0	0.0
0.25	17.4	831.1	1.4	19.7	21.1	-4.9	21.8
0.50	21.1	835.9	3.8	25.8	31.1	-1.2	32.6
1.00	24.7	840.7	8.9	33.7	52.1	2.4	43.7
2.00	28.3	845.5	18.9	44.0	107.3	6.1	55.1
3.00	30.4	848.2	27.6	51.2	183.5	8.2	61.8
6.00	33.8	852.7	47.0	65.9	517.6	11.8	73.2
9.00	35.7	855.2	59.0	76.1	931.7	13.8	79.9
12.00	37.1	857.0	66.4	84.1	1338.6	15.2	84.7
24.00	40.2	861.2	77.6	106.0	2470.6	18.6	95.9
48.00	43.2	865.1	79.6	132.1	3283.2	21.8	106.8
72.00	44.8	867.3	79.8	149.3	3732.6	23.6	113.0
96.00	46.0	868.8	79.9	162.7	4078.5	24.9	117.5
120.00	46.9	870.0	79.9	173.9	4364.6	25.9	121.0
480.00	53.5	878.6	80.0	282.5	7111.0	33.2	147.2
NORNE VINTER	15
2.0	10.0	5.0	5.0
0.00	0.0	863.0	0.0	38444.4	38444.4	21.0	0.0
0.25	6.4	869.7	0.0	13827.2	13822.8	24.1	47.2
0.50	8.1	871.4	0.0	14662.8	14643.1	24.8	54.5
1.00	9.8	873.1	0.1	15567.4	15491.0	25.5	62.1
2.00	11.6	874.8	0.4	16551.3	16284.2	26.3	70.1
3.00	12.7	875.9	0.7	17173.3	16639.1	26.7	75.0
6.00	14.6	877.7	2.1	18356.3	16720.8	27.6	84.0
9.00	15.8	878.9	3.9	19121.9	16151.2	28.1	89.6
12.00	16.6	879.7	5.9	19702.4	15329.4	28.5	93.8
24.00	18.8	881.8	14.0	21214.2	11935.2	29.4	104.3
48.00	21.0	884.0	26.3	22909.1	8229.2	30.3	115.6
72.00	22.3	885.3	33.1	24007.7	6873.0	30.9	122.6
96.00	23.3	886.3	36.8	24832.7	6328.3	31.4	127.8
120.00	24.1	887.0	38.9	25507.8	6082.2	31.7	131.9
480.00	29.5	892.4	46.4	30812.3	5869.7	34.1	162.4
NORNE SOMMER		15
2.0	10.0	13.0	13.0
0.00	0.0	863.0	0.0	1968.0	1968.0	21.0	0.0
0.25	7.6	870.9	0.1	4491.3	4473.8	24.6	52.3
0.50	9.4	872.7	0.3	5380.6	5260.2	25.3	60.2
1.00	11.2	874.5	1.3	6469.3	5883.1	26.1	68.4
2.00	13.2	876.3	3.8	7835.8	6023.0	26.9	77.2
3.00	14.3	877.5	6.1	8818.6	5906.0	27.5	82.7
6.00	16.4	879.6	11.5	10904.1	5446.5	28.4	92.9
9.00	17.7	880.8	15.9	12416.4	5092.5	28.9	99.2
12.00	18.7	881.7	19.3	13634.6	4858.0	29.3	103.9
24.00	21.0	884.0	28.5	17197.0	4486.3	30.3	115.6
48.00	23.4	886.4	37.4	21972.7	4507.5	31.4	128.4
72.00	24.9	887.9	41.8	25535.1	4736.9	32.1	136.5
96.00	26.0	889.0	44.4	28553.7	5014.5	32.6	142.6
120.00	26.9	889.8	46.0	31237.4	5305.5	33.0	147.6
480.00	33.9	896.7	50.0	62997.7	9912.6	36.0	188.5
OSEBERG A		15
2.0	10.0	10.0	10.0
0.00	0.0	853.0	0.0	11.9	11.9	-9.0	0.0
0.25	14.3	876.9	0.5	44.9	46.0	4.5	28.6
0.50	17.0	881.1	2.2	58.6	65.0	6.4	37.6
1.00	19.6	885.3	7.7	76.0	107.2	8.3	46.6
2.00	22.2	889.3	18.6	97.9	206.5	10.2	55.7
3.00	23.7	891.7	25.5	113.3	294.9	11.3	61.1
6.00	26.2	895.6	35.9	144.9	495.9	13.2	70.3
9.00	27.6	897.9	41.9	167.4	655.7	14.2	75.8
12.00	28.7	899.5	45.9	185.4	791.0	15.0	79.8
24.00	31.1	903.4	54.8	236.6	1196.2	16.9	89.4
48.00	33.6	907.3	62.2	300.9	1723.8	18.7	99.2
72.00	35.0	909.5	65.8	345.2	2091.6	19.8	104.9
96.00	36.0	911.0	68.1	381.2	2390.0	20.5	109.0
120.00	36.7	912.3	69.7	412.0	2646.1	21.1	112.3
480.00	42.6	921.6	78.0	736.4	5300.0	25.7	137.9
OSEBERG C		15
2.0	10.0	10.0	10.0
0.00	0.0	857.0	0.0	15.2	15.2	-9.0	0.0
0.25	14.2	879.9	12.7	44.2	80.6	4.6	47.6
0.50	16.9	884.1	27.3	55.0	197.0	6.9	56.8
1.00	19.5	888.3	46.7	68.1	580.2	9.1	66.0
2.00	22.1	892.3	65.9	83.8	1633.3	11.3	75.3
3.00	23.6	894.6	73.6	94.5	2538.5	12.6	80.7
6.00	26.0	898.5	78.2	115.7	3755.8	14.8	90.1
9.00	27.5	900.8	78.2	130.3	4244.8	16.0	95.7
12.00	28.5	902.4	78.2	141.8	4616.9	16.9	99.7
24.00	31.0	906.3	78.2	173.2	5642.1	19.1	109.5
48.00	33.4	910.1	78.2	211.0	6874.0	21.3	119.4
72.00	34.8	912.3	78.2	236.3	7696.7	22.5	125.2
96.00	35.8	913.9	78.2	256.3	8349.5	23.4	129.4
120.00	36.6	915.1	78.2	273.3	8901.4	24.1	132.7
480.00	42.4	924.3	78.2	440.4	14342.7	29.5	158.5
OSEBERG OST VINTER	15
2.0	10.0	5.0	5.0
0.00	0.0	835.0	0.0	183.1	183.1	3.0	0.0
0.25	19.3	867.2	3.8	1929.6	1960.5	13.7	0.0
0.50	22.1	871.6	7.5	2728.5	2818.2	15.1	0.0
1.00	24.7	875.8	14.4	3799.4	4058.4	16.4	0.0
2.00	27.2	879.8	26.0	5190.8	5944.7	17.6	0.0
3.00	28.7	882.0	35.4	6182.0	7607.7	18.3	0.0
6.00	31.0	885.8	54.1	8275.1	12608.4	19.5	0.0
9.00	32.4	887.9	63.9	9778.7	17859.0	20.2	0.0
12.00	33.3	889.4	69.2	10999.0	22880.7	20.7	0.0
24.00	35.5	892.9	74.5	14476.9	35822.8	21.8	0.0
48.00	37.7	896.4	75.0	18972.1	47748.3	22.9	0.0
72.00	38.9	898.3	75.0	22105.5	55639.8	23.5	0.0
96.00	39.8	899.7	75.0	24622.2	61974.6	23.9	0.0
120.00	40.5	900.8	75.0	26779.0	67403.2	24.3	0.0
480.00	45.1	908.1	75.0	47516.3	119599.2	26.6	0.0
OSEBERG OST SOMMER	15
2.0	10.0	13.0	13.0
0.00	0.0	835.0	0.0	16.0	16.0	3.0	0.0
0.25	21.2	870.3	7.3	341.3	371.3	14.6	0.0
0.50	24.1	874.8	13.8	505.3	598.1	16.0	0.0
1.00	26.7	879.0	25.1	732.0	1023.5	17.4	0.0
2.00	29.3	883.0	41.8	1038.2	1989.5	18.6	0.0
3.00	30.7	885.3	52.9	1267.1	3195.1	19.4	0.0
6.00	33.1	889.1	68.5	1767.0	7516.7	20.6	0.0
9.00	34.5	891.3	73.1	2137.4	11087.2	21.2	0.0
12.00	35.5	892.8	74.4	2439.4	13482.7	21.7	0.0
24.00	37.7	896.4	75.0	3345.1	18994.4	22.9	0.0
48.00	39.9	899.9	75.0	4540.4	25786.6	24.0	0.0
72.00	41.2	901.9	75.0	5430.9	30844.2	24.7	0.0
96.00	42.2	903.4	75.0	6173.6	35062.5	25.1	0.0
120.00	42.9	904.6	75.0	6839.8	38845.9	25.5	0.0
480.00	48.4	913.2	75.0	14572.0	82760.4	28.3	0.0
OSEBERG SOR VINTER	15
2.0	10.0	5.0	5.0
0.00	0.0	828.0	0.0	65.6	65.6	6.0	0.0
0.25	11.4	847.3	0.6	449.5	443.9	13.2	22.1
0.50	14.5	852.0	3.0	752.3	704.8	15.0	33.5
1.00	17.9	856.9	11.3	1289.0	1042.0	17.0	45.8
2.00	21.0	861.5	27.6	2150.0	1428.5	18.8	57.9
3.00	22.7	864.0	38.5	2827.5	1714.0	19.9	64.7
6.00	25.4	868.0	53.5	4383.5	2419.3	21.5	75.7
9.00	26.9	870.2	57.9	5586.6	3013.3	22.4	81.9
12.00	28.0	871.7	59.3	6630.0	3551.9	23.0	86.4
24.00	30.5	875.4	60.0	9959.3	5319.0	24.5	97.3
48.00	33.0	879.1	60.0	14909.1	7962.2	26.0	108.4
72.00	34.4	881.2	60.0	18693.3	9983.1	26.9	114.7
96.00	35.4	882.6	60.0	21850.9	11669.4	27.5	119.2
120.00	36.1	883.7	60.0	24624.6	13150.7	27.9	122.6
480.00	40.7	890.4	60.0	51659.3	27588.4	30.7	144.7
OSEBERG SOR SOMMER	15
2.0	10.0	13.0	13.0
0.00	0.0	828.0	0.0	9.0	9.0	6.0	0.0
0.25	13.6	850.6	4.7	120.9	122.1	14.5	29.9
0.50	17.0	855.6	10.5	222.8	228.0	16.5	42.6
1.00	20.4	860.6	20.3	405.4	425.5	18.5	55.4
2.00	23.4	865.0	34.7	695.8	766.0	20.3	67.5
3.00	25.1	867.5	44.4	934.0	1072.1	21.3	74.2
6.00	27.8	871.4	58.5	1505.9	1876.6	22.9	85.4
9.00	29.3	873.7	63.0	1983.4	2556.1	23.8	92.1
12.00	30.4	875.3	64.4	2405.3	3136.0	24.4	96.8
24.00	33.0	879.1	65.0	3817.6	5004.7	26.0	108.4
48.00	35.5	882.7	65.0	5925.4	7768.5	27.5	119.7
72.00	36.9	884.8	65.0	7589.8	9950.6	28.4	126.3
96.00	37.8	886.2	65.0	9002.8	11803.2	29.0	130.8
120.00	38.6	887.3	65.0	10264.6	13457.5	29.4	134.4
480.00	43.9	895.0	65.0	26219.4	34375.2	32.7	160.7
OSEBERG BLEND	15
2.0	10.0	10.0	10.0
0.00	0.0	839.0	0.0	7.4	7.4	-24.0	0.0
0.25	16.3	864.9	0.0	71.7	71.7	-4.0	25.5
0.50	18.8	868.7	0.4	99.8	100.2	-1.3	33.5
1.00	21.6	873.0	2.2	144.3	147.3	1.8	42.6
2.00	24.7	877.8	7.8	218.3	235.0	5.3	53.2
3.00	26.6	880.7	14.0	280.9	322.9	7.4	59.8
6.00	29.8	885.6	29.7	426.7	597.7	11.0	71.0
9.00	31.5	888.3	40.7	539.4	900.9	13.0	77.5
12.00	32.7	890.2	48.7	633.0	1230.6	14.4	82.0
24.00	35.5	894.4	65.3	911.7	2691.4	17.6	92.5
48.00	38.2	898.5	77.7	1295.1	5987.8	20.7	102.8
72.00	39.7	900.8	79.9	1584.1	8115.3	22.4	108.9
96.00	40.8	902.5	80.0	1832.8	9413.4	23.8	113.3
120.00	41.7	903.8	80.0	2056.7	10564.2	24.8	116.9
480.00	48.3	914.0	80.0	4945.8	25403.9	32.8	145.1
OSELVAR			15
2.0	10.0	10.0	10.0
0.00	0.0	791.0	0.0	3.1	3.1
0.25	22.2	818.8	0.0	12.6	12.6
0.50	27.7	825.5	4.1	19.3	23.5
1.00	32.7	831.8	11.1	28.4	47.8
2.00	37.3	837.4	20.5	40.4	100.5
3.00	39.7	840.4	26.9	48.7	155.2
6.00	43.5	845.1	37.5	65.4	301.9
9.00	45.6	847.7	42.6	76.9	420.1
12.00	47.1	849.4	45.9	85.9	518.7
24.00	50.4	853.5	52.9	110.7	825.0
48.00	53.4	857.3	59.2	140.0	1243.4
72.00	55.1	859.3	62.6	159.4	1552.4
96.00	56.3	860.8	65.0	174.4	1809.1
120.00	57.2	861.9	66.9	186.9	2031.4
480.00	63.7	870.0	73.4	309.7	3960.1
RINGHORNE		15
2.00	10.0	10.0	10.0
0.00	0.0	830.0	0.0	75.3	75.3	6.0	0.0
0.25	14.9	853.4	5.6	620.9	632.1	13.1	32.4
0.50	18.0	858.0	18.9	890.6	953.7	14.7	43.4
1.00	21.1	862.6	42.0	1268.3	1552.9	16.3	54.5
2.00	24.1	867.0	65.0	1791.6	2864.8	17.9	65.8
3.00	25.8	869.6	73.8	2185.3	4227.5	18.8	72.4
6.00	28.7	873.8	79.4	3042.1	7013.3	20.4	83.7
9.00	30.4	876.3	79.4	3677.8	8482.9	21.2	90.4
12.00	31.5	878.0	79.4	4197.6	9682.5	21.9	95.1
24.00	34.2	881.9	79.4	5711.4	13174.3	23.3	106.4
48.00	36.8	885.7	79.4	7669.8	17691.9	24.7	117.5
72.00	38.2	887.9	79.4	9044.8	20863.4	25.5	123.8
96.00	39.2	889.4	79.4	10164.6	23446.4	26.0	128.4
120.00	40.0	890.5	79.4	11126.2	25664.7	26.5	131.9
480.00	45.7	899.0	79.4	21380.6	49318.3	29.6	158.6
SIRI VINTER		15
2.0	10.0	5.0	5.0
0.00	0.0	842.0	0.0	380.2	380.2	9.0	0.0
0.25	15.3	869.5	25.4	926.9	1019.9	17.6	23.8
0.50	18.5	875.2	38.6	1346.8	1592.6	19.3	36.8
1.00	21.6	880.5	47.6	1916.8	2413.9	20.8	49.6
2.00	24.3	885.3	53.2	2641.9	3488.9	22.3	61.7
3.00	25.8	887.9	55.3	3138.4	4227.7	23.1	68.4
6.00	28.2	892.1	57.7	4146.3	5717.3	24.3	79.5
9.00	29.6	894.4	58.5	4841.8	6734.6	25.0	85.8
12.00	30.5	896.1	58.9	5397.0	7540.9	25.5	90.3
24.00	32.7	899.9	59.6	6947.3	9772.8	26.7	101.0
48.00	34.8	903.6	59.8	8886.2	12538.9	27.8	111.7
72.00	36.0	905.6	59.9	10206.7	14414.4	28.5	117.9
96.00	36.9	907.1	59.9	11246.9	15889.2	28.9	122.2
120.00	37.5	908.2	60.0	12131.0	17141.6	29.3	125.7
480.00	42.0	916.0	60.0	20244.5	28617.6	31.6	149.8
SIRI SOMMER		15
2.0	10.0	13.0	13.0
0.00	0.0	838.0	0.0	28.0	28.0	9.0	0.0
0.25	19.8	877.2	19.0	331.3	481.2	20.2	45.7
0.50	23.0	883.1	30.9	467.7	914.3	21.8	58.7
1.00	25.7	888.3	42.7	633.8	1785.5	23.2	70.6
2.00	28.4	893.3	48.9	850.1	3013.1	24.6	82.4
3.00	29.9	896.2	49.8	1011.1	3715.6	25.5	89.7
6.00	32.6	901.2	50.0	1352.8	5002.1	26.9	102.1
9.00	34.0	903.9	50.0	1586.9	5867.8	27.6	109.1
12.00	35.0	905.7	50.0	1763.5	6520.6	28.2	113.8
24.00	37.1	909.7	50.0	2235.3	8265.5	29.3	124.5
48.00	39.1	913.5	50.0	2784.2	10295.0	30.4	134.8
72.00	40.3	915.8	50.0	3183.9	11773.1	31.0	141.1
96.00	41.2	917.5	50.0	3527.9	13045.0	31.5	146.1
120.00	42.0	919.0	50.0	3843.5	14212.0	32.0	150.3
480.00	48.1	930.4	50.0	7533.9	27857.8	35.3	184.6
SKARV VINTER	15
2.00	10.0	5.0	5.0
0.00	0.0	860.0	0.0	1836.4	1836.4	12.0	0.0
0.25	9.9	874.2	4.3	1708.9	1755.3	17.6	50.4
0.50	12.1	877.3	8.5	2030.8	2144.0	18.9	58.9
1.00	14.4	880.4	16.0	2416.4	2693.1	20.1	67.7
2.00	16.7	883.4	28.4	2869.6	3550.6	21.4	76.7
3.00	18.0	885.2	38.0	3168.4	4320.9	22.1	81.9
6.00	20.2	888.2	55.3	3751.5	6450.6	23.4	91.1
9.00	21.5	889.9	63.3	4137.1	8181.2	24.1	96.5
12.00	22.5	891.2	66.9	4436.7	9445.1	24.6	100.4
24.00	24.7	894.2	69.9	5250.4	11926.2	25.9	110.0
48.00	26.9	897.2	70.0	6233.2	14202.4	27.2	120.1
72.00	28.3	899.0	70.0	6902.6	15727.8	27.9	126.2
96.00	29.2	900.3	70.0	7422.3	16912.1	28.5	130.6
120.00	30.0	901.3	70.0	7858.1	17904.9	28.9	134.1
480.00	35.0	908.1	70.0	11507.3	26219.7	31.8	158.2
SKARV SOMMER	15
2.00	10.0	13.0	13.0
0.00	0.0	860.0	0.0	180.0	180.0	12.0	0.0
0.25	11.4	876.5	7.1	487.1	517.2	18.5	56.3
0.50	13.9	879.8	13.6	617.6	696.7	19.8	65.5
1.00	16.2	883.1	24.6	781.0	990.8	21.1	74.8
2.00	18.6	886.3	40.6	984.2	1548.6	22.4	84.3
3.00	19.9	888.2	50.9	1126.2	2120.8	23.2	89.9
6.00	22.3	891.4	64.8	1415.6	3655.6	24.5	99.6
9.00	23.6	893.3	68.6	1619.7	4653.0	25.3	105.4
12.00	24.6	894.6	69.6	1781.8	5279.5	25.8	109.6
24.00	26.9	897.9	70.0	2250.0	6745.7	27.2	120.1
48.00	29.4	901.2	70.0	2856.8	8565.5	28.5	131.1
72.00	30.8	903.2	70.0	3294.7	9878.3	29.4	137.8
96.00	31.9	904.6	70.0	3652.9	10952.5	30.0	142.8
120.00	32.7	905.7	70.0	3962.2	11879.9	30.4	146.7
480.00	38.9	914.3	70.0	7309.3	21915.5	34.0	177.5
SLEIPNER VEST	15
2.0	10.0	10.0	10.0
0.00	0.0	913.0	0.0	29541.6	29541.6	27.0	0.0
0.25	5.4	924.9	0.6	24219.4	24191.8	29.9	0.0
0.50	6.4	926.0	1.1	25453.2	25396.2	30.2	0.0
1.00	7.4	927.1	2.3	26737.2	26621.0	30.6	0.0
2.00	8.4	928.3	4.4	28094.6	27864.2	31.0	0.0
3.00	9.0	929.0	6.5	28946.1	28609.0	31.2	0.0
6.00	10.0	930.2	12.4	30509.1	29897.7	31.6	0.0
9.00	10.7	930.9	17.6	31494.0	30664.2	31.8	0.0
12.00	11.1	931.4	22.2	32219.6	31213.5	32.0	0.0
24.00	12.2	932.7	36.2	34104.5	32642.0	32.4	0.0
48.00	13.4	934.1	50.6	36220.6	34353.1	32.9	0.0
72.00	14.2	934.9	56.3	37592.7	35548.9	33.1	0.0
96.00	14.7	935.6	58.5	38648.4	36507.3	33.4	0.0
120.00	15.2	936.1	59.4	39518.7	37313.5	33.5	0.0
480.00	18.6	940.0	60.0	47059.6	44421.5	34.8	0.0
SMORBUKK		15
2.0	10.0	10.0	10.0
0.00	0.0	850.0	0.0	15.2	15.2	3.0	0.0
0.25	14.0	872.1	2.0	113.7	125.1	17.1	0.0
0.50	16.3	875.3	8.9	151.5	224.2	18.8	0.0
1.00	18.2	878.1	25.9	194.0	501.0	20.3	0.0
2.00	20.0	880.6	41.7	242.9	913.2	21.7	0.0
3.00	21.0	882.0	47.4	276.7	1165.0	22.5	0.0
6.00	22.8	884.6	56.4	347.6	1711.5	23.9	0.0
9.00	23.9	886.1	60.9	398.5	2108.7	24.7	0.0
12.00	24.6	887.2	63.8	439.2	2425.4	25.3	0.0
24.00	26.5	889.9	69.4	556.2	3325.6	26.8	0.0
48.00	28.4	892.6	73.6	710.6	4485.4	28.3	0.0
72.00	29.6	894.2	75.3	822.5	5308.5	29.2	0.0
96.00	30.4	895.4	76.3	914.8	5978.1	29.9	0.0
120.00	31.1	896.4	77.0	994.7	6552.2	30.4	0.0
480.00	35.9	903.3	79.1	1837.1	12413.9	34.3	0.0
SMORBUKK SOR	15
2.00	10.0	10.0	10.0
0.00	0.0	835.0	0.0	5.3	5.3	-9.0	0.0
0.25	19.1	859.4	0.1	31.2	31.3	8.7	-3.7
0.50	22.4	863.8	0.4	42.5	43.1	11.3	9.2
1.00	25.3	867.8	1.8	56.1	59.4	13.7	21.3
2.00	28.0	871.4	6.9	72.4	90.1	15.9	32.9
3.00	29.6	873.5	13.0	83.6	126.0	17.1	39.7
6.00	32.1	877.0	24.7	106.8	231.3	19.2	51.6
9.00	33.7	879.1	30.6	123.3	318.7	20.5	58.7
12.00	34.7	880.5	34.6	136.5	398.5	21.4	63.9
24.00	37.3	884.1	44.3	174.5	678.9	23.5	76.7
48.00	39.9	887.6	53.4	223.3	1130.7	25.7	90.0
72.00	41.4	889.6	58.0	257.3	1487.8	27.0	97.9
96.00	42.5	891.1	61.0	284.4	1790.5	27.9	103.6
120.00	43.3	892.2	63.1	307.3	2054.0	28.6	108.1
480.00	49.0	899.9	73.7	527.7	4744.8	33.5	140.7
SNORRE B		15
2.00	10.0	10.0	10.0
0.00	0.0	826.0	0.0	33.4	33.4	-6.0	0.0
0.25	14.0	850.4	0.4	189.3	189.8	2.5	0.0
0.50	17.1	855.4	1.7	284.8	287.8	4.9	0.0
1.00	20.5	860.9	6.6	444.0	462.6	7.4	0.0
2.00	24.0	866.5	20.9	695.5	799.9	10.1	0.0
3.00	26.0	869.7	35.2	898.7	1161.0	11.6	0.0
6.00	29.2	874.8	60.8	1361.2	2299.8	14.0	0.0
9.00	31.0	877.7	69.8	1716.9	3265.2	15.4	0.0
12.00	32.2	879.6	73.1	2014.1	4019.2	16.4	0.0
24.00	35.1	884.2	76.5	2908.0	6114.2	18.6	0.0
48.00	37.8	888.5	78.1	4115.2	8882.5	20.7	0.0
72.00	39.2	890.9	78.7	4984.7	10865.3	21.9	0.0
96.00	40.3	892.5	79.1	5696.1	12481.0	22.7	0.0
120.00	41.0	893.8	79.3	6304.7	13859.2	23.3	0.0
480.00	46.5	902.6	79.9	12825.7	28495.9	27.7	0.0
SNORRE BLEND	15
2.0	10.0	10.0	10.0
0.00	0.0	834.0	0.0	8.5	8.5	3.0	0.0
0.25	19.5	866.6	16.1	49.5	105.5	16.8	39.3
0.50	22.6	871.6	29.3	68.7	271.7	19.1	50.4
1.00	25.5	876.2	47.9	93.1	882.7	21.2	61.2
2.00	28.2	880.5	67.1	123.5	2891.3	23.2	71.5
3.00	29.8	883.0	74.8	144.9	4878.1	24.4	77.5
6.00	32.3	887.0	79.7	189.2	7999.4	26.3	87.7
9.00	33.8	889.4	80.0	220.6	9463.2	27.4	93.7
12.00	34.8	891.0	80.0	245.3	10533.9	28.1	97.9
24.00	37.2	894.8	80.0	314.8	13519.3	29.9	108.0
48.00	39.5	898.5	80.0	401.4	17240.1	31.7	118.1
72.00	40.9	900.7	80.0	461.9	19839.7	32.7	124.1
96.00	41.8	902.2	80.0	511.2	21956.3	33.4	128.4
120.00	42.6	903.4	80.0	553.7	23778.7	34.0	131.9
480.00	48.4	912.7	80.0	1013.7	43538.7	38.5	159.1
STATFJORD A 	15
2.0	10.0	10.0	10.0
0.00	0.0	827.0	0.0	48.4	48.4	0.0	0.0
0.25	18.3	858.1	3.6	413.2	422.5	10.7	0.0
0.50	21.5	862.8	7.9	553.8	581.7	12.5	0.0
1.00	24.5	867.2	15.2	731.0	806.9	14.3	0.0
2.00	27.4	871.3	27.2	948.0	1144.9	15.9	0.0
3.00	29.0	873.7	36.5	1098.0	1435.5	16.9	0.0
6.00	31.7	877.5	54.0	1402.3	2185.3	18.5	0.0
9.00	33.2	879.8	62.3	1614.7	2780.2	19.4	0.0
12.00	34.3	881.4	66.3	1781.3	3231.2	20.0	0.0
24.00	36.8	885.0	69.8	2243.6	4269.6	21.5	0.0
48.00	39.2	888.6	70.0	2802.5	5347.7	22.9	0.0
72.00	40.6	890.6	70.0	3179.3	6066.8	23.8	0.0
96.00	41.6	892.0	70.0	3478.3	6637.3	24.4	0.0
120.00	42.4	893.1	70.0	3730.1	7117.7	24.8	0.0
480.00	48.0	901.3	70.0	6246.6	11919.7	28.2	0.0
STATFJORD B		15
2.0	10.0	10.0	10.0
0.00	0.0	847.0	0.0	61.2	61.2	6.0	0.0
0.25	17.5	871.8	1.9	603.2	612.5	14.4	0.0
0.50	20.6	876.0	3.9	871.8	899.4	15.9	0.0
1.00	23.5	880.0	7.6	1239.6	1317.5	17.4	0.0
2.00	26.3	883.8	14.3	1728.3	1941.2	18.8	0.0
3.00	27.9	886.0	20.3	2087.0	2463.9	19.6	0.0
6.00	30.5	889.6	34.8	2857.6	3811.7	21.0	0.0
9.00	32.0	891.7	45.0	3425.3	4993.4	21.7	0.0
12.00	33.0	893.1	52.3	3886.5	6041.4	22.3	0.0
24.00	35.5	896.5	65.5	5229.3	9161.8	23.6	0.0
48.00	37.9	899.8	69.7	6964.6	12683.7	24.8	0.0
72.00	39.3	901.6	70.0	8192.7	14957.6	25.5	0.0
96.00	40.2	903.0	70.0	9197.6	16795.0	26.0	0.0
120.00	41.0	904.0	70.0	10063.6	18376.6	26.4	0.0
480.00	46.5	911.6	70.0	19496.8	35602.0	29.3	0.0
STATFJORD C BLEND		15
2.0	10.0	10.0	10.0
0.00	0.0	834.0	0.0	23.1	23.1	-3.0	0.0
0.25	17.5	864.2	2.2	291.0	295.5	8.9	0.0
0.50	20.6	869.3	5.6	454.3	473.4	11.1	0.0
1.00	23.6	874.2	12.6	697.3	768.2	13.2	0.0
2.00	26.4	878.8	24.8	1047.8	1292.5	15.3	0.0
3.00	28.0	881.4	34.4	1320.1	1813.8	16.5	0.0
6.00	30.7	885.8	52.7	1936.3	3471.6	18.4	0.0
9.00	32.2	888.3	61.5	2412.9	5137.5	19.5	0.0
12.00	33.2	890.0	65.8	2812.2	6604.2	20.3	0.0
24.00	35.7	894.1	69.7	4029.1	10445.8	22.2	0.0
48.00	38.1	898.0	70.0	5700.0	14887.9	24.0	0.0
72.00	39.5	900.3	70.0	6939.5	18132.0	25.0	0.0
96.00	40.5	901.9	70.0	7984.0	20864.2	25.8	0.0
120.00	41.2	903.1	70.0	8904.1	23270.2	26.3	0.0
480.00	46.8	912.2	70.0	19881.8	51966.0	30.6	0.0
TAMBAR		15
2.00	10.0	10.0	10.0
0.00	0.0	828.0	0.0	6.3	6.3	-6.0	0.0
0.25	15.1	847.8	29.9	40.4	84.0	6.8	0.0
0.50	17.9	851.3	52.1	57.0	217.4	8.8	0.0
1.00	20.7	854.7	71.1	79.4	535.3	10.8	0.0
2.00	23.4	858.0	78.9	109.7	947.2	12.7	0.0
3.00	24.9	859.9	79.8	132.0	1171.1	13.8	0.0
6.00	27.4	863.0	80.0	179.0	1597.2	15.6	0.0
9.00	28.8	864.7	80.0	212.8	1901.1	16.6	0.0
12.00	29.8	866.0	80.0	239.9	2143.9	17.3	0.0
24.00	32.1	868.8	80.0	317.1	2834.3	19.0	0.0
48.00	34.3	871.5	80.0	413.4	3695.6	20.7	0.0
72.00	35.5	873.0	80.0	479.1	4282.6	21.6	0.0
96.00	36.4	874.1	80.0	531.1	4747.7	22.2	0.0
120.00	37.0	874.9	80.0	574.6	5136.9	22.7	0.0
480.00	41.6	880.5	80.0	998.0	8921.8	26.1	0.0
JOTUN TAU VINTER	15
2.0	10.0	5.0	5.0
0.00	0.0	851.0	0.0	3525.6	3525.6	18.0	0.0
0.25	6.6	862.0	3.0	3012.1	2824.4	21.4	27.0
0.50	8.7	864.8	7.9	3792.2	3242.9	22.2	34.5
1.00	10.8	867.9	17.3	4865.8	3618.7	23.2	42.9
2.00	13.1	871.1	30.8	6299.8	4062.8	24.1	51.7
3.00	14.5	873.0	38.7	7325.6	4436.2	24.7	57.0
6.00	16.7	876.1	47.4	9464.0	5409.4	25.7	66.2
9.00	18.0	877.9	49.1	10954.5	6195.2	26.2	71.6
12.00	18.9	879.2	49.6	12147.1	6852.2	26.6	75.4
24.00	21.1	882.2	49.9	15506.1	8732.4	27.5	84.7
48.00	23.2	885.2	50.0	19763.8	11124.4	28.5	94.1
72.00	24.4	887.0	50.0	22773.1	12816.5	29.0	99.7
96.00	25.3	888.2	50.0	25166.4	14162.6	29.4	103.7
120.00	26.0	889.2	50.0	27211.0	15312.7	29.7	106.9
480.00	30.6	895.6	50.0	45592.1	25655.0	31.7	128.5
JOTUN TAU SOMMER	15
2.0	10.0	13.0	13.0
0.00	0.0	851.0	0.0	972.0	972.0	18.0	0.0
0.25	8.1	864.0	1.8	2669.2	2526.6	22.0	32.3
0.50	10.3	867.1	6.1	3271.0	2747.9	22.9	40.8
1.00	12.7	870.4	16.8	4050.5	2706.6	23.9	49.9
2.00	15.0	873.8	33.9	5021.5	2631.5	25.0	59.3
3.00	16.4	875.7	43.0	5689.5	2714.6	25.5	65.0
6.00	18.7	878.9	51.7	7009.9	3108.1	26.5	74.6
9.00	20.0	880.8	54.0	7907.8	3445.3	27.1	80.2
12.00	21.0	882.1	55.2	8601.7	3715.3	27.5	84.3
24.00	23.2	885.2	57.3	10528.4	4481.1	28.5	94.1
48.00	25.4	888.4	58.6	12889.4	5437.8	29.4	104.2
72.00	26.7	890.2	59.0	14522.3	6106.5	30.0	110.3
96.00	27.7	891.5	59.3	15824.0	6642.4	30.4	114.7
120.00	28.4	892.6	59.5	16926.4	7097.6	30.8	118.3
480.00	34.0	900.4	59.9	27994.4	11700.8	33.2	145.6
TORDIS		15
2.0	10.0	10.0	10.0
0.00	0.0	840.0	0.0	17.5	17.5	3.0	0.0
0.25	14.5	864.7	17.0	32.2	68.2	12.2	40.4
0.50	17.4	868.5	37.0	38.5	191.7	13.8	47.4
1.00	20.3	872.1	60.7	45.8	600.0	15.4	54.2
2.00	23.0	875.6	75.6	54.0	1274.6	16.9	61.0
3.00	24.5	877.6	78.6	59.3	1574.4	17.8	64.8
6.00	27.1	880.9	79.6	69.5	1920.8	19.2	71.4
9.00	28.6	882.8	79.8	76.1	2116.3	20.0	75.3
12.00	29.7	884.1	79.9	81.1	2261.5	20.6	78.0
24.00	32.1	887.3	80.0	94.2	2636.7	22.0	84.6
48.00	34.5	890.4	80.0	109.1	3057.1	23.4	91.1
72.00	35.9	892.1	80.0	118.6	3325.0	24.2	94.8
96.00	36.9	893.4	80.0	126.0	3530.9	24.7	97.6
120.00	37.6	894.4	80.0	132.0	3700.4	25.2	99.7
480.00	43.3	901.6	80.0	186.3	5222.7	28.4	115.8
TROLL			15
2.0	10.0	10.0	10.0
0.00	0.0	893.0	0.0	30.0	30.0	-39.0	0.0
0.25	6.5	901.0	14.5	53.7	84.6	-22.7	49.4
0.50	8.1	902.9	31.1	62.6	182.4	-19.8	56.1
1.00	9.9	905.0	51.4	73.8	548.5	-16.6	63.6
2.00	11.8	907.3	67.6	88.4	1704.9	-13.1	72.0
3.00	13.0	908.7	72.3	99.0	2646.3	-10.8	77.4
6.00	15.2	911.3	74.3	121.3	3728.6	-6.8	87.2
9.00	16.5	912.8	74.3	137.2	4224.5	-4.3	93.4
12.00	17.4	913.9	74.3	150.0	4617.6	-2.4	97.8
24.00	19.7	916.6	74.3	186.4	5738.6	2.1	109.0
48.00	22.2	919.5	74.3	233.9	7203.0	6.8	121.0
72.00	23.6	921.2	74.3	268.1	8257.0	9.8	128.4
96.00	24.7	922.5	74.3	296.4	9128.5	11.9	134.0
120.00	25.5	923.5	74.3	321.2	9891.5	13.7	138.4
480.00	32.0	931.0	74.3	586.9	18074.0	27.1	173.7
TYRIHANS NORD SOMMER	15
2.00	10.0	13.0	13.0
0.00	0.0	877.0	0.0	377.0	377.0	15.0	0.0
0.25	7.1	887.4	8.3	848.7	871.7	19.4	1.0
0.50	8.8	889.6	16.9	1061.6	1127.0	20.1	1.0
1.00	10.4	891.8	31.2	1325.2	1509.2	20.8	1.0
2.00	12.1	894.0	50.8	1654.4	2189.6	21.6	1.0
3.00	13.1	895.3	62.5	1889.1	2897.7	22.0	1.0
6.00	14.8	897.7	76.2	2383.8	4931.5	22.8	1.0
9.00	15.8	899.1	79.2	2742.8	6262.9	23.2	1.0
12.00	16.6	900.1	79.8	3033.8	7096.0	23.6	1.0
24.00	18.4	902.6	80.0	3895.8	9178.0	24.4	1.0
48.00	20.4	905.2	80.0	5081.2	11972.8	25.3	1.0
72.00	21.6	906.8	80.0	5979.7	14090.4	25.8	1.0
96.00	22.5	908.0	80.0	6745.5	15895.2	26.2	1.0
120.00	23.3	909.0	80.0	7428.1	17503.7	26.5	1.0
480.00	28.8	916.4	80.0	15645.9	36868.6	29.0	1.0
TYRIHANS NORD VINTER	15
2.00	10.0	5.0	5.0
0.00	0.0	877.0	0.0	3822.0	3822.0	15.0	0.0
0.25	6.0	885.9	2.6	4154.1	4165.4	18.9	1.0
0.50	7.6	888.0	5.2	4882.9	4909.6	19.6	1.0
1.00	9.2	890.1	9.8	5739.7	5801.5	20.3	1.0
2.00	10.7	892.2	17.8	6738.0	6882.5	21.0	1.0
3.00	11.7	893.5	25.1	7399.4	7643.0	21.4	1.0
6.00	13.3	895.6	42.1	8718.8	9330.4	22.1	1.0
9.00	14.2	896.9	53.7	9617.6	10669.1	22.5	1.0
12.00	14.9	897.9	61.4	10325.6	11844.9	22.8	1.0
24.00	16.7	900.2	73.7	12296.3	15305.3	23.6	1.0
48.00	18.4	902.6	75.6	14742.5	18684.9	24.4	1.0
72.00	19.5	904.0	75.6	16477.3	20883.7	24.9	1.0
96.00	20.3	905.1	75.6	17857.9	22633.5	25.2	1.0
120.00	21.0	905.9	75.6	19034.0	24124.1	25.5	1.0
480.00	25.3	911.7	75.6	29571.6	37479.7	27.4	1.0
TYRIHANS SOR	15
2.00	10.0	10.0	10.0
0.00	0.0	848.0	0.0	22.0	22.0	-6.0	0.0
0.25	11.0	870.3	2.5	182.5	183.5	5.0	1.0
0.50	13.9	874.7	5.0	294.9	298.0	7.5	1.0
1.00	16.9	879.3	9.6	482.6	492.8	10.2	1.0
2.00	19.9	883.7	17.4	778.4	811.2	12.7	1.0
3.00	21.5	886.2	24.3	1017.0	1082.3	14.2	1.0
6.00	24.1	890.2	40.1	1563.1	1771.8	16.5	1.0
9.00	25.6	892.4	50.3	1987.0	2388.0	17.8	1.0
12.00	26.6	893.9	56.9	2345.5	2962.4	18.7	1.0
24.00	28.9	897.5	66.7	3450.1	4819.0	20.8	1.0
48.00	31.2	901.0	68.1	5037.1	7164.0	22.9	1.0
72.00	32.6	903.1	68.1	6276.9	8927.3	24.2	1.0
96.00	33.6	904.5	68.1	7374.1	10487.9	25.1	1.0
120.00	34.3	905.7	68.1	8387.0	11928.4	25.8	1.0
480.00	40.4	914.9	68.1	22672.0	32245.3	31.4	1.0
ULA VINTER		15
2.0	10.0	5.0	5.0
0.00	0.0	832.0	0.0	40.3	40.3	-9.0	0.0
0.25	12.9	852.2	4.8	169.3	174.5	4.8	32.2
0.50	15.8	856.5	20.2	263.8	305.9	7.2	41.7
1.00	18.8	860.8	49.8	409.9	705.0	9.6	51.4
2.00	21.7	865.0	71.0	630.0	2052.0	12.0	61.1
3.00	23.3	867.3	75.6	801.7	3305.4	13.3	66.7
6.00	26.0	871.1	78.1	1185.6	5724.5	15.5	76.0
9.00	27.4	873.2	78.6	1470.5	7360.9	16.7	81.3
12.00	28.4	874.7	78.8	1710.8	8685.6	17.5	85.0
24.00	30.9	878.2	79.0	2450.5	12605.1	19.6	94.0
48.00	33.3	881.7	79.0	3507.5	18080.8	21.6	103.1
72.00	34.7	883.7	79.0	4310.0	22221.1	22.8	108.5
96.00	35.6	885.1	79.0	4980.6	25679.3	23.6	112.3
120.00	36.4	886.2	79.0	5575.9	28748.7	24.3	115.4
480.00	41.5	893.6	79.0	11864.9	61174.6	28.7	136.1
ULA SOMMER		15
2.0	10.0	13.0	13.0
0.00	0.0	832.0	0.0	6.0	6.0	-9.0	0.0
0.25	14.9	855.2	56.3	30.8	275.2	6.5	38.8
0.50	18.1	859.7	74.1	41.7	1125.3	9.0	48.9
1.00	21.1	864.1	80.4	56.2	2428.2	11.5	59.1
2.00	24.0	868.3	81.0	74.6	3374.3	13.9	69.1
3.00	25.6	870.6	81.0	87.4	3952.0	15.2	74.8
6.00	28.2	874.4	81.0	112.7	5098.6	17.4	84.2
9.00	29.7	876.5	81.0	130.5	5901.2	18.6	89.7
12.00	30.8	878.1	81.0	144.5	6537.5	19.5	93.6
24.00	33.3	881.7	81.0	185.0	8367.3	21.6	103.2
48.00	35.8	885.3	81.0	235.8	10666.7	23.7	112.9
72.00	37.2	887.4	81.0	271.9	12298.7	25.0	118.7
96.00	38.3	888.9	81.0	301.2	13621.7	25.9	122.9
120.00	39.1	890.1	81.0	326.4	14764.0	26.6	126.2
480.00	45.3	899.1	81.0	598.0	27049.7	32.0	152.3
VALE VINTER		15
2.00	10.0	10.0	10.0
0.00	0.0	821.0	0.0	323.4	323.4	-27.0	0.0
0.25	18.8	843.8	15.6	959.5	530.0	-5.6	0.0
0.50	21.9	847.5	26.3	1249.7	527.6	-2.3	0.0
1.00	25.4	851.7	41.3	1676.3	540.8	1.5	0.0
2.00	29.1	856.2	57.0	2292.4	605.0	5.5	0.0
3.00	31.2	858.7	64.1	2739.2	672.4	7.9	0.0
6.00	34.4	862.6	69.4	3606.5	843.0	11.5	0.0
9.00	36.3	864.8	69.9	4203.1	978.2	13.6	0.0
12.00	37.5	866.4	70.0	4679.4	1088.6	15.0	0.0
24.00	40.5	869.9	70.0	6015.1	1399.3	18.5	0.0
48.00	43.2	873.2	70.0	7556.8	1757.9	21.6	0.0
72.00	44.7	874.9	70.0	8550.4	1989.0	23.3	0.0
96.00	45.7	876.2	70.0	9325.9	2169.4	24.5	0.0
120.00	46.5	877.1	70.0	9974.4	2320.3	25.5	0.0
480.00	52.4	884.2	70.0	16407.3	3816.7	32.5	0.0
VALE SOMMER		15
2.00	10.0	10.0	10.0
0.00	0.0	821.0	0.0	8.5	8.5	-27.0	0.0
0.25	18.8	843.8	20.0	123.9	98.1	-5.7	0.0
0.50	21.9	847.5	26.9	198.8	144.1	-2.3	0.0
1.00	25.4	851.7	36.4	336.3	214.6	1.5	0.0
2.00	29.1	856.2	46.9	589.2	323.4	5.5	0.0
3.00	31.2	858.7	52.2	811.0	410.4	7.9	0.0
6.00	34.5	862.7	59.1	1330.3	603.3	11.6	0.0
9.00	36.3	864.9	60.0	1754.4	784.6	13.6	0.0
12.00	37.6	866.4	60.0	2132.1	953.3	15.1	0.0
24.00	40.6	870.1	60.0	3376.8	1509.9	18.6	0.0
48.00	43.4	873.5	60.0	5155.9	2305.4	21.9	0.0
72.00	44.9	875.3	60.0	6482.0	2898.4	23.7	0.0
96.00	46.0	876.6	60.0	7596.2	3396.6	24.9	0.0
120.00	46.8	877.5	60.0	8572.7	3833.2	25.8	0.0
480.00	52.5	884.4	60.0	20423.3	9132.1	32.7	0.0
VALHALL		15
2.0	10.0	10.0	10.0
0.00	0.0	841.0	0.0	94.2	94.2	-6.0	0.0
0.25	14.7	868.0	5.7	390.4	397.4	4.9	0.0
0.50	17.3	872.6	14.1	535.2	560.4	6.8	0.0
1.00	19.8	876.9	28.1	722.3	799.5	8.6	0.0
2.00	22.1	880.9	45.8	953.3	1152.2	10.3	0.0
3.00	23.3	883.2	55.6	1112.7	1429.4	11.2	0.0
6.00	25.4	886.9	66.7	1435.3	2003.2	12.8	0.0
9.00	26.6	889.0	69.4	1663.7	2377.5	13.7	0.0
12.00	27.5	890.5	70.4	1846.2	2662.0	14.4	0.0
24.00	29.6	894.1	72.1	2369.9	3471.2	15.9	0.0
48.00	31.6	897.7	73.7	3029.0	4501.8	17.4	0.0
72.00	32.7	899.7	74.5	3485.4	5223.5	18.3	0.0
96.00	33.5	901.1	75.2	3851.4	5807.1	18.9	0.0
120.00	34.2	902.2	75.6	4161.5	6304.2	19.4	0.0
480.00	38.8	910.4	79.0	7294.5	11447.9	23.0	0.0
VARG VINTER		15
2.0	10.0	5.0	5.0
0.00	0.0	847.0	0.0	165.1	165.1	9.0	0.0
0.25	12.7	870.8	15.5	497.1	1009.0	16.1	0.0
0.50	15.3	875.2	28.1	652.6	2168.6	17.5	0.0
1.00	17.8	879.6	45.0	856.0	5039.6	18.8	0.0
2.00	20.5	884.4	62.1	1149.1	11046.4	20.3	0.0
3.00	22.2	887.4	68.4	1380.7	15610.9	21.2	0.0
6.00	25.1	892.5	70.4	1889.2	22416.5	22.8	0.0
9.00	26.8	895.3	70.4	2246.0	26649.6	23.7	0.0
12.00	27.8	897.2	70.4	2525.7	29969.0	24.3	0.0
24.00	30.2	901.3	70.4	3262.5	38711.6	25.6	0.0
48.00	32.4	905.2	70.4	4140.5	49129.2	26.8	0.0
72.00	33.7	907.4	70.4	4754.1	56410.3	27.5	0.0
96.00	34.6	909.0	70.4	5246.6	62253.6	28.0	0.0
120.00	35.4	910.3	70.4	5670.9	67287.7	28.4	0.0
480.00	40.4	919.1	70.4	9727.2	115418.1	31.2	0.0
VARG SOMMER		15
2.0	10.0	13.0	13.0
0.00	0.0	847.0	0.0	23.0	23.0	9.0	0.0
0.25	14.5	873.9	15.6	172.1	316.0	17.1	0.0
0.50	17.2	878.5	28.1	238.2	670.7	18.5	0.0
1.00	20.0	883.4	46.0	335.4	1613.6	20.0	0.0
2.00	23.0	888.7	65.9	486.3	3896.4	21.6	0.0
3.00	24.7	891.8	74.4	605.2	5899.7	22.6	0.0
6.00	27.6	896.7	79.3	859.4	9341.4	24.1	0.0
9.00	29.1	899.4	79.3	1037.3	11275.1	25.0	0.0
12.00	30.1	901.2	79.3	1174.2	12763.6	25.5	0.0
24.00	32.5	905.2	79.3	1563.3	16993.3	26.8	0.0
48.00	34.8	909.3	79.3	2078.3	22591.4	28.1	0.0
72.00	36.2	911.7	79.3	2466.1	26805.9	28.9	0.0
96.00	37.2	913.5	79.3	2793.3	30363.0	29.4	0.0
120.00	38.0	914.9	79.3	3085.6	33539.8	29.9	0.0
480.00	44.2	925.7	79.3	6605.0	71795.7	33.3	0.0
VESLEFRIKK		15
2.0	10.0	10.0	10.0
0.00	0.0	839.0	0.0	16.3	16.3	6.0	0.0
0.25	17.5	868.6	35.1	62.4	303.7	17.5	61.8
0.50	20.4	873.1	54.8	80.1	1645.6	19.4	71.3
1.00	23.2	877.4	72.1	101.6	14256.7	21.1	80.5
2.00	25.8	881.5	79.2	126.9	53583.9	22.8	89.5
3.00	27.3	883.8	79.9	144.0	68743.2	23.8	94.6
6.00	29.8	887.7	80.0	178.2	86243.7	25.4	103.5
9.00	31.3	890.0	80.0	202.3	97891.5	26.4	108.8
12.00	32.4	891.6	80.0	221.6	107202.9	27.1	112.7
24.00	34.9	895.6	80.0	275.8	133454.3	28.7	122.3
48.00	37.4	899.4	80.0	340.6	164810.7	30.4	131.7
72.00	38.8	901.5	80.0	382.8	185211.5	31.3	137.0
96.00	39.7	903.0	80.0	415.4	200979.9	31.9	140.8
120.00	40.5	904.1	80.0	442.2	213970.1	32.4	143.7
480.00	45.6	912.2	80.0	687.6	332695.7	35.9	164.7
VIGDIS		15
2.00	10.0	10.0	10.0
0.00	0.0	841.0	0.0	39.2	39.2	-3.0	0.0
0.25	9.8	858.1	0.9	193.4	193.1	4.8	0.0
0.50	12.6	862.6	2.6	289.8	288.3	7.0	0.0
1.00	15.6	867.6	7.1	452.1	446.6	9.4	0.0
2.00	18.7	872.5	16.4	707.4	690.1	11.8	0.0
3.00	20.4	875.4	24.8	913.5	883.7	13.3	0.0
6.00	23.3	880.1	42.6	1391.5	1329.0	15.6	0.0
9.00	25.0	882.8	52.6	1772.7	1684.1	16.9	0.0
12.00	26.1	884.7	58.4	2102.5	1992.2	17.9	0.0
24.00	28.9	889.1	67.2	3139.9	2964.9	20.2	0.0
48.00	31.5	893.3	69.0	4576.3	4318.5	22.3	0.0
72.00	32.9	895.6	69.4	5608.2	5291.6	23.5	0.0
96.00	33.8	897.1	69.6	6453.3	6088.5	24.3	0.0
120.00	34.6	898.3	69.7	7177.8	6771.9	24.9	0.0
480.00	39.5	906.4	70.0	14878.6	14035.8	29.1	0.0
VILJE		15
2.0	10.0	10.0	10.0
0.00	0.0	843.0	0.0	70.6	70.6
0.25	8.8	858.6	4.3	148.5	164.2
0.50	11.9	863.3	8.8	195.7	242.0
1.00	14.8	867.8	16.8	255	391.3
2.00	17.6	872.3	30.1	330.9	769.4
3.00	19.3	874.9	40.6	385.8	1323.8
6.00	22.2	879.5	59.7	502.6	4258.3
9.00	23.9	882.1	68.6	586.9	8584.1
12.00	25.1	884.0	72.7	654.2	12728.7
24.00	27.8	888.3	75.4	842.2	19968.9
48.00	30.5	892.4	75.4	1069.3	25355.9
72.00	31.9	894.7	75.4	1218.9	28902.6
96.00	32.9	896.2	75.4	1336.1	31681.8
120.00	33.7	897.5	75.4	1434.1	34005.8
480.00	39.1	906.0	75.4	2362.4	56016.9
VISUND		15
2.0	10.0	10.0	10.0
0.00	0.0	834.0	0.0	16.3	16.3	6.0	0.0
0.25	12.5	851.5	1.3	64.5	68.8	14.4	38.2
0.50	14.7	854.5	3.8	82.4	99.5	15.7	45.3
1.00	17.0	857.4	10.0	105.1	169.6	17.1	52.5
2.00	19.3	860.3	22.3	134.4	366.6	18.5	60.0
3.00	20.7	862.1	32.1	155.6	620.7	19.3	64.5
6.00	23.1	865.2	47.9	201.4	1390.3	20.7	72.6
9.00	24.5	867.0	53.5	234.9	1935.9	21.6	77.6
12.00	25.5	868.4	55.6	262.3	2309.9	22.2	81.1
24.00	28.0	871.5	57.9	341.6	3224.7	23.7	89.9
48.00	30.5	874.8	59.0	446.4	4353.1	25.2	98.9
72.00	31.9	876.6	59.4	522.0	5148.4	26.1	104.3
96.00	33.0	878.0	59.6	584.7	5800.5	26.7	108.3
120.00	33.8	879.1	59.7	639.6	6366.6	27.2	111.4
480.00	40.0	887.1	60.0	1246.9	12524.9	31.1	135.8
VOLVE VINTER	15
2.00	10.0	5.0	5.0
0.00	0.0	889.0	0.0	671.3	671.3	6.0	0.0
0.25	5.2	900.3	1.7	713.7	737.1	9.6	28.1
0.50	6.5	902.6	3.3	794.4	847.4	10.2	33.6
1.00	7.8	905.2	6.0	897.0	1010.3	11.0	40.0
2.00	9.4	908.2	10.8	1031.6	1288.3	11.8	47.5
3.00	10.5	910.1	15.5	1127.3	1567.7	12.4	52.4
6.00	12.3	913.4	27.7	1317.8	2528.8	13.3	61.1
9.00	13.3	915.4	37.2	1444.8	3753.2	13.9	66.4
12.00	14.1	916.8	44.5	1544.0	5265.4	14.3	70.2
24.00	15.9	920.2	59.9	1814.2	12891.1	15.3	79.7
48.00	17.8	923.7	65.8	2134.6	21689.1	16.3	89.6
72.00	18.9	925.7	65.9	2343.5	23874.4	16.9	95.4
96.00	19.6	927.1	65.9	2502.2	25491.1	17.3	99.5
120.00	20.2	928.2	65.9	2634.4	26837.4	17.6	102.8
480.00	24.3	935.8	65.9	3771.6	38422.5	19.9	126.4
VOLVE SOMMER	15
2.00	10.0	13.0	13.0
0.00	0.0	889.0	0.0	150.0	150.0	6.0	0.0
0.25	6.1	902.0	2.5	285.4	301.5	10.0	32.0
0.50	7.5	904.6	4.8	335.2	374.0	10.8	38.4
1.00	9.1	907.6	9.4	403.4	501.8	11.6	46.0
2.00	10.9	911.0	17.6	496.1	763.8	12.6	54.6
3.00	12.0	913.0	24.7	562.4	1065.1	13.2	60.0
6.00	13.9	916.5	41.3	698.5	2336.8	14.2	69.4
9.00	15.0	918.6	52.4	794.9	4271.8	14.8	75.2
12.00	15.9	920.1	59.9	871.4	6799.7	15.2	79.4
24.00	17.8	923.7	71.9	1089.0	17635.7	16.3	89.6
48.00	19.7	927.3	74.9	1356.6	27002.7	17.3	100.1
72.00	20.9	929.4	75.0	1545.5	31030.1	18.0	106.4
96.00	21.7	930.9	75.0	1700.6	34156.2	18.4	111.1
120.00	22.4	932.2	75.0	1835.9	36874.6	18.8	115.0
480.00	27.5	941.8	75.0	3316.5	66613.4	21.6	145.8
VOLUND		15
2.0	10.0	10.0	10.0
0.00	0.0	860.0	0.0	14.1	14.1
0.25	7.8	871.4	0.0	28.8	28.8
0.50	10.0	874.2	0.1	35.2	35.2
1.00	12.1	876.7	0.2	42.4	42.6
2.00	14.1	879.2	0.8	50.8	51.7
3.00	15.3	880.7	1.6	56.6	58.7
6.00	17.5	883.4	4.2	68.7	75.6
9.00	18.8	885.1	6.9	77.5	91.0
12.00	19.8	886.3	9.6	84.8	106.5
24.00	22.4	889.5	19.1	106.4	174.6
48.00	25.0	892.8	32.0	135.0	347.6
72.00	26.6	894.7	37.3	155.2	500.0
96.00	27.7	896.1	40.4	171.8	637.5
120.00	28.6	897.2	42.4	186.3	764.3
480.00	35.3	905.6	48.4	339.5	1924.0
YME			15
2.0	10.0	10.0	10.0
0.00	0.0	833.0	0.0	7.4	7.4	6.0	0.0
0.25	17.7	860.5	5.9	35.4	44.3	16.0	45.3
0.50	20.6	864.7	20.0	46.7	102.9	17.7	53.9
1.00	23.4	868.7	37.4	61.0	290.5	19.2	62.4
2.00	26.1	872.5	48.7	78.6	647.3	20.8	70.7
3.00	27.6	874.6	53.9	90.6	980.7	21.6	75.4
6.00	30.1	878.2	61.4	114.7	1853.4	23.0	83.4
9.00	31.5	880.2	64.9	131.2	2586.8	23.8	88.1
12.00	32.5	881.6	67.1	144.2	3218.4	24.4	91.4
24.00	34.8	885.0	71.3	180.3	5157.6	25.8	99.3
48.00	37.2	888.3	74.3	224.9	7748.0	27.1	107.3
72.00	38.5	890.2	75.7	255.8	9580.6	27.9	112.0
96.00	39.5	891.6	76.5	280.7	11060.8	28.5	115.5
120.00	40.3	892.7	77.1	302.0	12318.9	28.9	118.2
480.00	46.1	900.9	79.4	522.7	24714.3	32.3	139.5
AASGAR			15
2.00	10.0	10.0	10.0
0.00	0.0	814.0	0.0	28.8	28.8	-36.0	0.0
0.25	18.7	841.1	0.0	139.8	139.8	-9.3	23.9
0.50	22.7	846.6	0.0	193.8	193.8	-3.5	36.9
1.00	26.5	851.8	0.0	262.8	262.8	2.0	49.5
2.00	29.9	856.4	0.1	346.3	346.3	7.1	61.4
3.00	31.8	859.0	0.2	402.9	403.0	10.0	68.1
6.00	34.9	863.2	0.5	515.9	516.2	14.7	79.3
9.00	36.6	865.5	1.0	593.9	594.5	17.4	85.9
12.00	37.9	867.2	1.5	655.1	656.0	19.3	90.5
24.00	40.7	871.1	3.9	823.9	827.2	23.7	101.6
48.00	43.5	874.8	8.6	1028.2	1037.8	28.1	112.7
72.00	45.0	876.9	12.5	1166.1	1182.6	30.7	119.1
96.00	46.1	878.4	15.8	1275.7	1299.4	32.5	123.7
120.00	47.0	879.6	18.4	1368.2	1398.8	33.9	127.4
480.00	53.4	888.4	33.4	2299.6	2412.0	44.7	155.6
HULDRA KONDENSAT	15
2.0	10.0	10.0	10.0
0.00	0.0	809.0	0.0	4.2	4.2	-15.0	0.0
0.25	24.2	834.1	0.0	19.1	19.1	4.7	35.1
0.50	29.2	839.3	0.0	28.7	28.7	8.9	49.9
1.00	33.8	844.0	0.1	41.4	41.6	12.7	63.8
2.00	37.7	848.0	0.4	56.6	57.7	16.0	76.2
3.00	39.8	850.1	0.7	66.8	69.0	17.8	83.0
6.00	43.1	853.5	1.4	86.9	93.2	20.6	93.9
9.00	44.9	855.3	2.1	100.6	111.6	22.2	100.2
12.00	46.1	856.6	2.8	111.2	127.1	23.3	104.5
24.00	49.0	859.6	4.9	140.3	176.7	25.9	114.8
48.00	51.7	862.4	7.9	174.4	250.1	28.3	124.7
72.00	53.3	864.0	10.1	197.1	308.8	29.7	130.3
96.00	54.3	865.1	11.8	214.8	360.4	30.6	134.4
120.00	55.2	865.9	13.3	229.6	407.2	31.4	137.5
480.00	61.3	872.2	26.1	376.4	1016.3	37.0	161.6
KRISTIN KONDENSAT	15
2.0	10.0	10.0	10.0
0.00	0.0	798.0	0.0	4.2	4.2	-27.0	0.0
0.25	27.4	827.7	0.0	13.9	13.9	0.0	28.5
0.50	32.8	833.5	0.0	18.0	18.0	5.2	43.3
1.00	37.5	838.7	0.0	22.9	22.9	10.0	57.3
2.00	41.7	843.3	0.0	28.1	28.1	14.2	70.0
3.00	43.9	845.7	0.0	31.4	31.4	16.5	76.8
6.00	47.4	849.4	0.0	37.2	37.2	20.0	87.8
9.00	49.3	851.5	0.0	40.9	40.9	22.0	94.1
12.00	50.6	853.0	0.0	43.7	43.7	23.4	98.5
24.00	53.7	856.3	0.0	51.0	51.0	26.6	109.1
48.00	56.6	859.5	0.0	58.7	58.7	29.7	119.0
72.00	58.2	861.2	0.0	63.5	63.5	31.4	124.7
96.00	59.3	862.4	0.0	67.1	67.1	32.6	128.7
120.00	60.2	863.3	0.0	70.0	70.0	33.5	131.8
480.00	66.6	870.4	0.0	96.4	96.4	40.6	156.0
LAVRANS KONDENSAT	15
2.0	10.0	10.0	10.0
0.00	0.0	798.0	0.0	2.0	2.0	-6.0	0.0
0.25	29.2	823.1	0.0	8.7	8.7	10.9	27.1
0.50	34.8	827.9	0.0	11.8	11.8	14.3	42.2
1.00	39.7	832.0	0.0	15.5	15.5	17.2	56.0
2.00	43.9	835.5	0.0	19.5	19.5	19.7	68.3
3.00	46.1	837.4	0.0	22.0	22.0	21.1	74.8
6.00	49.5	840.2	0.0	26.5	26.5	23.1	85.2
9.00	51.3	841.8	0.0	29.4	29.4	24.3	91.1
12.00	52.6	842.9	0.0	31.5	31.5	25.1	95.1
24.00	55.5	845.3	0.0	37.1	37.1	26.9	104.8
48.00	58.3	847.7	0.0	43.3	43.3	28.6	114.0
72.00	59.9	849.0	0.0	47.2	47.2	29.6	119.4
96.00	61.0	850.0	0.0	50.2	50.2	30.3	123.2
120.00	61.9	850.7	0.0	52.8	52.8	30.9	126.3
480.00	68.7	856.4	0.0	76.8	76.8	35.2	150.8
LILLEFRIGG KONDENSAT	15
2.0	10.0	10.0	10.0
0.00	0.0	785.0	0.0	2.0	2.0	10.0	0.0
0.25	20.0	819.4	43.3	22.4	19.5	17.4	18.3
0.50	24.8	827.6	59.8	38.3	29.6	20.1	33.7
1.00	29.2	835.3	68.3	63.4	44.5	22.6	48.8
2.00	33.2	842.2	69.5	99.3	68.5	24.9	62.9
3.00	35.3	845.9	69.5	126.1	87.0	26.1	70.7
6.00	38.6	851.7	69.5	184.8	127.5	28.1	83.5
9.00	40.5	855.0	69.5	229.2	158.2	29.2	90.9
12.00	41.9	857.3	69.5	266.5	183.9	30.0	96.2
24.00	45.0	862.8	69.5	381.3	263.0	31.8	109.1
48.00	48.1	868.2	69.5	542.3	374.1	33.7	122.2
72.00	49.9	871.3	69.5	662.8	457.3	34.7	129.8
96.00	51.2	873.5	69.5	763.4	526.7	35.5	135.3
120.00	52.1	875.1	69.5	850.6	586.9	36.0	139.6
480.00	59.0	887.1	69.5	1852.9	1278.3	40.2	171.5
MIDGARD KONDENSAT	15
2.0	10.0	10.0	10.0
0.00	0.0	764.0	0.0	1.1	1.1	-36.0	0.0
0.25	43.6	802.8	0.0	2.0	2.0	-31.0	26.5
0.50	54.7	813.0	0.1	2.4	2.4	-29.1	49.0
1.00	63.9	821.3	0.1	2.9	2.8	-27.5	69.0
2.00	71.1	828.0	0.2	3.2	3.2	-26.2	85.6
3.00	74.5	831.1	0.3	3.4	3.4	-25.6	93.7
6.00	79.3	835.4	0.5	3.7	3.7	-24.8	105.3
9.00	81.7	837.6	0.6	3.9	3.9	-24.3	111.5
12.00	83.4	839.2	0.7	4.0	4.0	-24.0	115.7
24.00	86.9	842.4	0.9	4.3	4.3	-23.4	124.8
48.00	89.8	845.0	1.0	4.5	4.5	-22.9	132.3
72.00	91.3	846.4	1.0	4.6	4.6	-22.7	136.3
96.00	92.5	847.5	1.0	4.7	4.7	-22.4	139.6
120.00	93.6	848.4	1.0	4.8	4.8	-22.3	142.4
480.00	95.5	850.1	1.0	5.0	4.9	-21.9	147.6
ORMEN LANGE KONDENSAT	15
1.0	10.0	10.0	10.0
0.00	0.0	750.0	0.0	1.0	1.0
0.25	43.6	788.1	0.0	2.0	2.0
0.50	53.6	796.8	0.0	2.3	2.3
1.00	61.6	803.7	0.0	2.7	2.7
2.00	68.8	809.9	0.0	3.1	3.1
3.00	72.6	813.2	0.0	3.3	3.3
6.00	78.4	818.2	0.0	3.7	3.7
9.00	81.8	821.2	0.0	3.9	3.9
12.00	84.5	823.5	0.0	4.1	4.1
24.00	93.2	831.0	0.0	4.8	4.8
48.00	95.0	832.6	0.0	5.0	5.0
72.00	95.9	833.3	0.0	5.1	5.1
96.00	96.1	833.5	0.0	5.1	5.1
120.00	96.2	833.6	0.0	5.1	5.1
480.00	96.5	833.8	0.0	5.1	5.1
SLEIPNER KONDENSAT	15
2.0	10.0	10.0	10.0
0.00	0.0	745.0	0.0	1.2	1.2	-30.0	0.0
0.25	56.1	808.8	0.0	3.0	3.0	-5.8	28.2
0.50	64.3	818.0	0.0	3.5	3.5	-1.9	46.6
1.00	70.5	825.0	0.0	4.0	4.0	1.1	61.3
2.00	74.6	829.6	0.0	4.3	4.3	3.2	71.4
3.00	76.5	831.7	0.0	4.5	4.5	4.1	76.1
6.00	79.2	834.8	0.0	4.7	4.7	5.4	83.1
9.00	80.6	836.4	0.0	4.9	4.9	6.1	86.7
12.00	81.5	837.5	0.0	5.0	5.0	6.6	89.2
24.00	83.5	839.7	0.0	5.2	5.2	7.6	94.4
48.00	85.2	841.6	0.0	5.4	5.4	8.5	98.9
72.00	86.2	842.7	0.0	5.5	5.5	8.9	101.6
96.00	86.9	843.5	0.0	5.6	5.6	9.3	103.6
120.00	87.6	844.3	0.0	5.6	5.6	9.6	105.4
480.00	90.0	847.0	0.0	5.9	5.9	10.9	112.0
SMORBUKK KONDENSAT	15
2.00	10.0	10.0	10.0
0.00	0.0	804.0	0.0	3.1	3.1	-15.0	0.0
0.25	17.5	823.2	2.5	12.3	12.3	-2.8	15.9
0.50	20.8	826.8	4.9	16.9	16.9	-0.6	23.9
1.00	24.6	830.7	7.6	24.4	24.4	1.9	33.1
2.00	28.9	835.3	10.5	36.8	36.8	4.9	43.9
3.00	31.5	838.1	12.3	47.6	47.6	6.7	50.8
6.00	36.1	842.9	15.4	74.0	74.0	9.8	63.0
9.00	38.7	845.7	17.2	95.4	95.4	11.7	70.3
12.00	40.6	847.6	18.4	113.9	113.9	13.0	75.4
24.00	44.8	852.1	21.2	171.7	171.7	16.0	87.7
48.00	48.9	856.3	23.9	253.2	253.2	18.8	99.6
72.00	51.1	858.6	25.3	312.7	312.7	20.4	106.3
96.00	52.6	860.2	26.4	361.7	361.7	21.5	111.0
120.00	53.7	861.4	27.1	403.7	403.7	22.3	114.5
480.00	61.5	869.7	30.5	855.9	855.9	28.0	139.8
SNOHVIT KONDENSAT		15
2.00	10.0	10.0	10.0
0.00	0.0	761.0	0.0	1.2	1.2	-45.0	0.0
0.25	56.7	806.0	0.0	2.6	2.6	-25.2	0.0
0.50	63.5	811.6	0.0	3.0	3.0	-22.3	0.0
1.00	68.9	816.1	0.0	3.3	3.3	-19.9	0.0
2.00	73.7	820.0	0.0	3.6	3.6	-17.8	0.0
3.00	76.7	822.5	0.0	3.8	3.8	-16.5	0.0
6.00	81.6	826.5	0.0	4.2	4.2	-14.3	0.0
9.00	83.9	828.5	0.0	4.4	4.4	-13.3	0.0
12.00	85.3	829.6	0.0	4.6	4.6	-12.6	0.0
24.00	88.0	831.9	0.0	4.8	4.8	-11.4	0.0
48.00	90.0	833.5	0.0	5.0	5.0	-10.5	0.0
72.00	91.0	834.3	0.0	5.1	5.1	-10.1	0.0
96.00	91.7	834.9	0.0	5.2	5.2	-9.7	0.0
120.00	92.3	835.4	0.0	5.2	5.2	-9.5	0.0
480.00	94.7	837.3	0.0	5.5	5.5	-8.4	0.0
TRYM KONDENSAT		15
1.00	10.0	10.0	10.0
0.00	0.0	798.0	0.0	35.7	35.7
0.25	25.1	824.6	0.0	161.3	161.3
0.50	31.7	831.1	0.0	241.6	241.6
1.00	37.8	837.2	0.0	351.8	351.8
2.00	42.8	842.1	0.0	478.3	478.3
3.00	45.3	844.6	0.0	559.6	559.6
6.00	49.8	849.1	0.0	737.3	737.3
9.00	52.5	851.8	0.0	872.1	872.1
12.00	54.5	853.7	0.0	982.7	982.7
24.00	58.9	858.0	0.0	1286.1	1286.1
48.00	63.8	862.9	0.0	1741.4	1741.4
72.00	65.6	864.7	0.0	1945.8	1945.8
96.00	66.4	865.5	0.0	2044.8	2044.8
120.00	67.1	866.2	0.0	2138.1	2138.1
480.00	73.3	872.3	0.0	3119.4	3119.4
MARIN DIESEL	15
2.0	10.0	10.0	10.0
0.00	0.0	843.0	0.0	4.2	4.2
0.25	1.1	842.9	0.0	4.5	4.5
0.50	1.6	843.2	0.1	4.5	4.5
1.00	2.5	843.6	0.1	4.7	4.7
2.00	3.9	844.2	0.2	4.9	4.9
3.00	5.2	844.8	0.3	5.1	5.1
6.00	8.2	846.2	0.5	5.6	5.7
9.00	10.5	847.4	0.6	6.0	6.1
12.00	12.6	848.3	0.7	6.4	6.5
24.00	18.8	851.2	0.9	7.8	8.0
48.00	26.2	854.7	1.0	9.9	10.2
72.00	30.3	856.7	1.0	11.3	11.6
96.00	33.0	857.9	1.0	12.3	12.6
120.00	35.0	858.9	1.0	13.1	13.4
480.00	51.6	866.7	1.0	22.2	22.8
HEAVY GAS OIL	15
2.0	10.0	10.0	10.0
0.00	0.0	915.0	0.0	470.8	470.8
0.25	0.8	916.3	1.0	539.8	563.9
0.50	0.9	916.5	2.7	548.7	613.2
1.00	1.0	916.6	6.9	557.8	725.0
2.00	1.1	916.8	15.7	567.0	948.8
3.00	1.2	916.9	22.0	572.5	1103.6
6.00	1.3	917.0	28.7	582.4	1274.7
9.00	1.3	917.1	30.8	588.6	1336.3
12.00	1.4	917.2	32.3	593.3	1379.8
24.00	1.5	917.4	36.2	606.4	1495.8
48.00	1.7	917.7	40.9	624.0	1642.7
72.00	1.8	917.9	44.3	637.9	1751.9
96.00	1.9	918.1	47.1	650.3	1844.4
120.00	2.0	918.2	49.4	662.0	1927.0
480.00	3.2	920.1	66.0	803.4	2729.8
IF-30 BUNKER	15
2.0	10.0	10.0	10.0
0.00	0.0	936.0	0.0	280.4	280.4
0.25	0.9	937.8	6.0	315.3	426.6
0.50	1.1	938.3	15.1	328.9	708.5
1.00	1.5	939.1	32.6	350.4	1889.4
2.00	2.1	940.3	53.6	385.7	6546.2
3.00	2.6	941.2	62.3	416.6	11526.1
6.00	3.7	943.4	67.9	497.2	18966.2
9.00	4.5	945.1	68.3	568.1	22174.2
12.00	5.1	946.4	68.3	633.0	24730.3
24.00	7.0	950.1	68.3	856.8	33475.1
48.00	9.1	954.3	68.3	1207.8	47189.6
72.00	10.4	956.9	68.3	1491.2	58263.8
96.00	11.4	958.9	68.3	1743.6	68124.6
120.00	12.2	960.4	68.3	1977.1	77249.0
480.00	18.0	972.1	68.3	5121.0	200088.3
IF-180 ESSO		15
2.0	10.0	10.0	10.0
0.00	0.0	947.0	0.0	43399.3	43399.3
0.25	0.1	947.3	0.4	13345.3	13459.1
0.50	0.2	947.4	1.3	13556.0	13922.0
1.00	0.4	947.6	3.4	13907.3	14923.0
2.00	0.6	947.9	7.4	14423.3	16758.4
3.00	0.8	948.1	10.5	14808.1	18267.1
6.00	1.1	948.6	16.0	15664.3	21366.6
9.00	1.4	948.9	18.3	16324.1	23196.4
12.00	1.6	949.1	19.2	16873.3	24390.2
24.00	2.1	949.9	20.0	18457.8	27017.7
48.00	2.7	950.6	20.0	20306.3	29745.2
72.00	3.1	951.1	20.0	21521.5	31527.0
96.00	3.3	951.4	20.0	22486.6	32941.3
120.00	3.6	951.7	20.0	23309.4	34146.8
480.00	5.4	954.1	20.0	31184.7	45683.9
IF-180 SHELL	15
2.0	10.0	10.0	10.0
0.00	0.0	973.0	0.0	38687.3	38687.3
0.25	0.8	974.4	1.5	14372.2	14815.5
0.50	1.3	975.3	3.2	16158.6	17245.1
1.00	2.0	976.4	6.0	18836.1	21386.3
2.00	2.7	977.7	10.5	22250.6	28077.5
3.00	3.2	978.4	13.9	24536.7	33721.7
6.00	4.0	979.7	19.8	29122.4	47092.4
9.00	4.4	980.4	22.2	32291.4	56270.4
12.00	4.8	981.0	23.2	34754.9	62575.3
24.00	5.6	982.3	24.0	41418.9	76341.7
48.00	6.3	983.5	24.0	48615.5	89674.6
72.00	6.7	984.1	24.0	52992.4	97748.1
96.00	7.0	984.6	24.0	56147.5	103567.9
120.00	7.2	984.9	24.0	58594.6	108081.7
480.00	8.5	987.0	24.0	77631.3	143196.4
IF-180 LAVSVOVEL	15
2.0	10.0	10.0	10.0
0.00	0.0	959.0	0.0	4261.9	4261.9
0.25	0.4	961.7	2.7	7137.4	7513.2
0.50	0.6	962.5	5.6	8130.3	9066.0
1.00	1.0	963.7	10.8	9805.4	12112.8
2.00	1.4	965.1	19.3	12202.4	18006.1
3.00	1.7	965.8	26.1	13864.9	23720.6
6.00	2.1	967.2	39.0	17204.2	39837.3
9.00	2.4	967.9	45.5	19466.0	52915.2
12.00	2.5	968.5	48.6	21208.0	62568.1
24.00	2.9	969.7	51.5	25989.2	82576.3
48.00	3.3	970.9	51.5	31531.9	100398.0
72.00	3.5	971.6	51.5	35261.8	112274.0
96.00	3.7	972.1	51.5	38184.6	121580.3
120.00	3.8	972.5	51.5	40635.2	129383.0
480.00	4.7	975.3	51.5	64429.3	205144.0
IF-180 NORMALSVOVEL	15
2.0	10.0	10.0	10.0
0.00	0.0	973.0	0.0	5398.6	5398.6
0.25	0.4	973.9	2.4	8524.6	8988.9
0.50	0.6	974.3	5.1	9542.1	10615.4
1.00	1.0	974.8	9.8	11227.2	13546.1
2.00	1.4	975.5	17.5	13583.6	18298.0
3.00	1.7	975.9	23.6	15184.3	21956.6
6.00	2.1	976.5	35.3	18328.0	29508.5
9.00	2.3	976.9	41.2	20413.6	34310.9
12.00	2.5	977.1	44.0	21998.0	37692.3
24.00	2.9	977.7	46.6	26266.4	45730.5
48.00	3.3	978.3	46.6	31092.1	54152.8
72.00	3.5	978.7	46.6	34274.6	59695.7
96.00	3.6	978.9	46.6	36738.3	63986.7
120.00	3.7	979.1	46.6	38783.8	67549.4
480.00	4.6	980.5	46.6	57910.3	100861.8
IF-260 BUNKER	15
2.0	10.0	10.0	10.0
0.00	0.0	967.0	0.0	18646.1	18646.1
0.25	0.2	967.6	0.5	18993.7	19458.1
0.50	0.4	967.8	1.3	19460.8	20662.9
1.00	0.6	968.1	3.0	20137.9	22903.4
2.00	0.9	968.4	6.0	20931.0	26802.5
3.00	1.1	968.6	8.8	21405.6	30154.6
6.00	1.3	968.9	15.0	22235.8	37843.8
9.00	1.5	969.1	19.1	22725.6	42958.6
12.00	1.6	969.2	21.8	23074.1	46369.0
24.00	1.9	969.5	25.5	23928.8	52067.6
48.00	2.1	969.8	25.9	24788.8	54302.3
72.00	2.3	970.0	25.9	25315.5	55456.3
96.00	2.4	970.1	25.9	25705.1	56309.6
120.00	2.4	970.2	25.9	26019.2	56997.7
480.00	3.1	971.0	25.9	28497.0	62425.7
IFO-380 SLAGEN	15
2.0	10.0	10.0	10.0
0.00	0.0	965.0	0.0	18614.0	18614.0
0.25	0.1	965.8	1.3	23029.7	23595.7
0.50	0.2	966.0	3.5	23382.7	24889.2
1.00	0.4	966.3	7.9	23881.2	27223.2
2.00	0.6	966.5	15.7	24448.6	30763.8
3.00	0.6	966.7	22.3	24782.0	33362.2
6.00	0.8	966.9	36.8	25354.2	38264.9
9.00	0.9	967.1	46.0	25683.3	40946.9
12.00	1.0	967.2	51.8	25912.9	42561.3
24.00	1.1	967.4	60.3	26454.3	45125.5
48.00	1.2	967.7	61.9	26952.5	46275.4
72.00	1.3	967.8	62.0	27227.1	46754.2
96.00	1.3	967.9	62.0	27412.3	47072.8
120.00	1.4	967.9	62.0	27551.2	47311.6
480.00	1.6	968.3	62.0	28537.2	49005.7
IF-550 ERIKA	15
2.0	10.0	10.0	10.0
0.00	0.0	1002.0	0.0	58778.6	58778.6
0.25	5.5	1004.0	0.5	58965.3	59755.0
0.50	7.0	1004.7	1.1	63142.9	64839.3
1.00	8.5	1005.4	2.1	67672.0	71330.4
2.00	10.0	1006.1	4.0	72669.2	80616.9
3.00	10.9	1006.5	5.7	75912.4	88116.0
6.00	12.7	1007.3	9.6	82236.0	106185.1
9.00	13.8	1007.8	12.9	86614.4	123217.5
12.00	14.6	1008.2	15.7	90105.7	139484.2
24.00	16.9	1009.2	22.7	99931.6	194320.1
48.00	19.2	1010.3	26.5	111542.8	248826.0
72.00	20.6	1010.9	26.7	118682.7	265968.8
96.00	21.5	1011.4	26.7	123695.8	277203.1
120.00	22.1	1011.7	26.7	127396.5	285496.4
480.00	25.4	1013.2	26.7	148746.8	333342.7
